1157
956
219 435
219 345
339 735
339 645
669 765
669 405
669 675
669 315
669 525
669 615
219 405
129 375
129 435
249 765
339 705
129 405
129 645
159 495
159 465
399 585
279 375
129 585
129 525
429 765
339 765
279 765
279 675
669 375
669 735
669 345
669 705
669 555
669 585
489 615
369 375
249 825
279 465
429 675
429 705
219 375
249 615
129 765
279 585
249 795
519 585
399 525
219 765
399 465
549 645
339 675
69 525
609 645
489 705
159 855
159 585
69 585
489 555
759 345
759 675
519 885
489 405
159 525
759 525
609 585
159 645
759 375
759 585
759 735
489 525
489 585
249 675
249 885
489 465
99 735
399 345
459 705
489 675
399 405
669 435
159 735
489 345
759 315
759 555
309 495
489 375
459 795
429 645
399 375
309 435
579 705
759 705
399 555
489 795
609 735
129 345
399 135
399 195
759 405
549 225
579 195
519 165
759 615
579 135
549 105
759 765
219 675
159 315
609 315
129 465
459 165
399 315
429 735
429 225
429 105
279 315
759 435
789 315
879 825
159 885
639 645
759 645
519 315
579 795
879 795
519 825
549 615
249 585
459 615
399 795
429 795
129 735
309 465
399 855
489 315
309 855
309 885
279 795
309 825
249 555
849 315
579 735
549 735
249 855
219 315
429 885
879 315
235 781
