573
371
361 155
271 155
151 155
31 35
75 217
211 65
241 35
181 155
481 35
121 155
331 155
301 155
75 153
541 35
331 35
151 327
121 35
151 35
249 327
121 65
151 65
181 65
211 155
241 155
385 283
121 275
241 65
271 65
415 193
355 193
265 193
499 251
415 283
385 193
75 121
75 185
325 327
355 281
75 251
499 121
271 35
497 153
475 343
235 283
325 193
499 185
497 217
407 35
481 73
385 313
265 281
205 193
473 313
385 343
325 281
295 281
421 141
541 73
437 35
421 81
151 275
219 327
361 65
121 327
377 35
295 327
