100
0.0 2.0 1.0 2.24 2.0 2.83 3.0 3.61 4.0 4.47 5.0 5.39 6.0 6.32 7.0 7.28 8.0 8.25 9.0 9.22 10.0 10.2 11.0 11.18 12.0 12.17 13.0 13.15 14.0 14.14 15.0 15.13 16.0 16.12 17.0 17.12 18.0 18.11 19.0 19.1 20.0 20.1 21.0 21.1 22.0 22.09 48.38 47.8 49.34 48.76 83.02 82.73 27.89 29.83 127.28 126.04 87.09 86.38 63.89 64.51 12.08 13.04 84.2 84.77 70.18 69.12 105.08 103.1 104.81 103.83 72.11 71.47 77.37 76.9 57.87 57.56 122.16 120.34 36.4 35.23 97.02 95.04 85.05 87.05 120.42 119.1 99.25 97.95 97.19 97.08 65.0 67.0 17.49 19.24 151.74 153.06 74.73 72.78 56.09 54.13 
2.0 0.0 2.24 1.0 2.83 2.0 3.61 3.0 4.47 4.0 5.39 5.0 6.32 6.0 7.28 7.0 8.25 8.0 9.22 9.0 10.2 10.0 11.18 11.0 12.17 12.0 13.15 13.0 14.14 14.0 15.13 15.0 16.12 16.0 17.12 17.0 18.11 18.0 19.1 19.0 20.1 20.0 21.1 21.0 22.09 22.0 49.04 48.38 49.98 49.34 85.0 84.72 27.46 29.43 128.84 127.61 88.96 88.26 65.8 66.41 11.4 12.08 86.13 86.68 71.28 70.18 107.06 105.08 106.55 105.59 72.8 72.11 77.88 77.37 58.25 57.87 123.98 122.16 37.64 36.4 98.99 97.02 85.01 87.01 121.75 120.42 100.57 99.25 99.18 99.08 65.03 67.03 18.6 20.25 153.26 154.56 76.69 74.73 58.05 56.09 
1.0 2.24 0.0 2.0 1.0 2.24 2.0 2.83 3.0 3.61 4.0 4.47 5.0 5.39 6.0 6.32 7.0 7.28 8.0 8.25 9.0 9.22 10.0 10.2 11.0 11.18 12.0 12.17 13.0 13.15 14.0 14.14 15.0 15.13 16.0 16.12 17.0 17.12 18.0 18.11 19.0 19.1 20.0 20.1 21.0 21.1 47.43 46.84 48.38 47.8 83.19 82.87 26.93 28.86 127.91 126.66 87.46 86.73 63.6 64.2 13.0 13.89 83.93 84.48 71.02 69.97 104.94 102.96 105.31 104.32 71.17 70.52 76.4 75.93 56.89 56.57 121.74 119.92 37.2 36.06 97.16 95.19 84.05 86.05 119.67 118.34 98.49 97.19 97.25 97.13 64.0 66.0 16.64 18.36 151.09 152.4 74.53 72.57 56.29 54.34 
2.24 1.0 2.0 0.0 2.24 1.0 2.83 2.0 3.61 3.0 4.47 4.0 5.39 5.0 6.32 6.0 7.28 7.0 8.25 8.0 9.22 9.0 10.2 10.0 11.18 11.0 12.17 12.0 13.15 13.0 14.14 14.0 15.13 15.0 16.12 16.0 17.12 17.0 18.11 18.0 19.1 19.0 20.1 20.0 21.1 21.0 48.1 47.43 49.04 48.38 85.16 84.85 26.48 28.44 129.47 128.23 89.32 88.6 65.52 66.1 12.37 13.0 85.87 86.4 72.11 71.02 106.92 104.94 107.04 106.07 71.87 71.17 76.92 76.4 57.27 56.89 123.57 121.74 38.42 37.2 99.14 97.16 84.01 86.01 121.02 119.67 99.82 98.49 99.25 99.13 64.03 66.03 17.8 19.42 152.62 153.91 76.49 74.53 58.25 56.29 
2.0 2.83 1.0 2.24 0.0 2.0 1.0 2.24 2.0 2.83 3.0 3.61 4.0 4.47 5.0 5.39 6.0 6.32 7.0 7.28 8.0 8.25 9.0 9.22 10.0 10.2 11.0 11.18 12.0 12.17 13.0 13.15 14.0 14.14 15.0 15.13 16.0 16.12 17.0 17.12 18.0 18.11 19.0 19.1 20.0 20.1 46.49 45.88 47.43 46.84 83.36 83.02 25.96 27.89 128.55 127.28 87.85 87.09 63.32 63.89 13.93 14.76 83.68 84.2 71.87 70.83 104.81 102.83 105.82 104.81 70.23 69.57 75.43 74.95 55.9 55.58 121.33 119.51 38.01 36.89 97.32 95.35 83.05 85.05 118.93 117.59 97.74 96.43 97.33 97.19 63.0 65.0 15.81 17.49 150.45 151.74 74.33 72.37 56.52 54.57 
2.83 2.0 2.24 1.0 2.0 0.0 2.24 1.0 2.83 2.0 3.61 3.0 4.47 4.0 5.39 5.0 6.32 6.0 7.28 7.0 8.25 8.0 9.22 9.0 10.2 10.0 11.18 11.0 12.17 12.0 13.15 13.0 14.14 14.0 15.13 15.0 16.12 16.0 17.12 17.0 18.11 18.0 19.1 19.0 20.1 20.0 47.17 46.49 48.1 47.43 85.33 85.0 25.5 27.46 130.1 128.84 89.69 88.96 65.25 65.8 13.34 13.93 85.62 86.13 72.95 71.87 106.79 104.81 107.54 106.55 70.94 70.23 75.96 75.43 56.29 55.9 123.17 121.33 39.2 38.01 99.3 97.32 83.01 85.01 120.28 118.93 99.09 97.74 99.32 99.18 63.03 65.03 17.03 18.6 151.98 153.26 76.3 74.33 58.46 56.52 
3.0 3.61 2.0 2.83 1.0 2.24 0.0 2.0 1.0 2.24 2.0 2.83 3.0 3.61 4.0 4.47 5.0 5.39 6.0 6.32 7.0 7.28 8.0 8.25 9.0 9.22 10.0 10.2 11.0 11.18 12.0 12.17 13.0 13.15 14.0 14.14 15.0 15.13 16.0 16.12 17.0 17.12 18.0 18.11 19.0 19.1 45.54 44.92 46.49 45.88 83.55 83.19 25.0 26.93 129.19 127.91 88.24 87.46 63.06 63.6 14.87 15.65 83.43 83.93 72.72 71.69 104.69 102.7 106.33 105.31 69.29 68.62 74.46 73.98 54.92 54.59 120.93 119.1 38.83 37.74 97.49 95.52 82.05 84.05 118.19 116.85 97.0 95.67 97.42 97.25 62.0 64.0 15.0 16.64 149.8 151.09 74.15 72.18 56.75 54.82 
3.61 3.0 2.83 2.0 2.24 1.0 2.0 0.0 2.24 1.0 2.83 2.0 3.61 3.0 4.47 4.0 5.39 5.0 6.32 6.0 7.28 7.0 8.25 8.0 9.22 9.0 10.2 10.0 11.18 11.0 12.17 12.0 13.15 13.0 14.14 14.0 15.13 15.0 16.12 16.0 17.12 17.0 18.11 18.0 19.1 19.0 46.24 45.54 47.17 46.49 85.51 85.16 24.52 26.48 130.73 129.47 90.08 89.32 65.0 65.52 14.32 14.87 85.38 85.87 73.78 72.72 106.68 104.69 108.05 107.04 70.01 69.29 75.0 74.46 55.32 54.92 122.77 120.93 40.0 38.83 99.46 97.49 82.01 84.01 119.55 118.19 98.35 97.0 99.41 99.25 62.03 64.03 16.28 17.8 151.34 152.62 76.12 74.15 58.69 56.75 
4.0 4.47 3.0 3.61 2.0 2.83 1.0 2.24 0.0 2.0 1.0 2.24 2.0 2.83 3.0 3.61 4.0 4.47 5.0 5.39 6.0 6.32 7.0 7.28 8.0 8.25 9.0 9.22 10.0 10.2 11.0 11.18 12.0 12.17 13.0 13.15 14.0 14.14 15.0 15.13 16.0 16.12 17.0 17.12 18.0 18.11 44.6 43.97 45.54 44.92 83.74 83.36 24.04 25.96 129.83 128.55 88.64 87.85 62.82 63.32 15.81 16.55 83.2 83.68 73.57 72.56 104.58 102.59 106.85 105.82 68.35 67.68 73.5 73.01 53.94 53.6 120.54 118.7 39.66 38.59 97.67 95.71 81.06 83.05 117.46 116.1 96.26 94.92 97.51 97.33 61.0 63.0 14.21 15.81 149.16 150.45 73.98 72.01 57.01 55.08 
4.47 4.0 3.61 3.0 2.83 2.0 2.24 1.0 2.0 0.0 2.24 1.0 2.83 2.0 3.61 3.0 4.47 4.0 5.39 5.0 6.32 6.0 7.28 7.0 8.25 8.0 9.22 9.0 10.2 10.0 11.18 11.0 12.17 12.0 13.15 13.0 14.14 14.0 15.13 15.0 16.12 16.0 17.12 17.0 18.11 18.0 45.31 44.6 46.24 45.54 85.7 85.33 23.54 25.5 131.37 130.1 90.47 89.69 64.76 65.25 15.3 15.81 85.15 85.62 74.63 73.57 106.57 104.58 108.56 107.54 69.08 68.35 74.04 73.5 54.34 53.94 122.38 120.54 40.8 39.66 99.64 97.67 81.01 83.01 118.83 117.46 97.62 96.26 99.5 99.32 61.03 63.03 15.56 17.03 150.71 151.98 75.95 73.98 58.94 57.01 
5.0 5.39 4.0 4.47 3.0 3.61 2.0 2.83 1.0 2.24 0.0 2.0 1.0 2.24 2.0 2.83 3.0 3.61 4.0 4.47 5.0 5.39 6.0 6.32 7.0 7.28 8.0 8.25 9.0 9.22 10.0 10.2 11.0 11.18 12.0 12.17 13.0 13.15 14.0 14.14 15.0 15.13 16.0 16.12 17.0 17.12 43.66 43.01 44.6 43.97 83.95 83.55 23.09 25.0 130.48 129.19 89.05 88.24 62.59 63.06 16.76 17.46 82.98 83.43 74.43 73.43 104.48 102.49 107.38 106.33 67.42 66.73 72.53 72.03 52.95 52.61 120.15 118.31 40.5 39.45 97.86 95.9 80.06 82.05 116.73 115.36 95.52 94.18 97.62 97.42 60.0 62.0 13.45 15.0 148.53 149.8 73.82 71.85 57.28 55.36 
5.39 5.0 4.47 4.0 3.61 3.0 2.83 2.0 2.24 1.0 2.0 0.0 2.24 1.0 2.83 2.0 3.61 3.0 4.47 4.0 5.39 5.0 6.32 6.0 7.28 7.0 8.25 8.0 9.22 9.0 10.2 10.0 11.18 11.0 12.17 12.0 13.15 13.0 14.14 14.0 15.13 15.0 16.12 16.0 17.12 17.0 44.38 43.66 45.31 44.6 85.91 85.51 22.56 24.52 132.01 130.73 90.87 90.08 64.54 65.0 16.28 16.76 84.93 85.38 75.47 74.43 106.47 104.48 109.08 108.05 68.15 67.42 73.08 72.53 53.37 52.95 122.0 120.15 41.62 40.5 99.82 97.86 80.01 82.01 118.11 116.73 96.9 95.52 99.61 99.41 60.03 62.03 14.87 16.28 150.08 151.34 75.8 73.82 59.2 57.28 
6.0 6.32 5.0 5.39 4.0 4.47 3.0 3.61 2.0 2.83 1.0 2.24 0.0 2.0 1.0 2.24 2.0 2.83 3.0 3.61 4.0 4.47 5.0 5.39 6.0 6.32 7.0 7.28 8.0 8.25 9.0 9.22 10.0 10.2 11.0 11.18 12.0 12.17 13.0 13.15 14.0 14.14 15.0 15.13 16.0 16.12 42.72 42.06 43.66 43.01 84.17 83.74 22.14 24.04 131.14 129.83 89.47 88.64 62.37 62.82 17.72 18.38 82.76 83.2 75.29 74.3 104.39 102.4 107.91 106.85 66.48 65.79 71.57 71.06 51.97 51.62 119.77 117.92 41.34 40.31 98.06 96.1 79.06 81.06 116.0 114.63 94.79 93.43 97.74 97.51 59.0 61.0 12.73 14.21 147.9 149.16 73.68 71.7 57.57 55.66 
6.32 6.0 5.39 5.0 4.47 4.0 3.61 3.0 2.83 2.0 2.24 1.0 2.0 0.0 2.24 1.0 2.83 2.0 3.61 3.0 4.47 4.0 5.39 5.0 6.32 6.0 7.28 7.0 8.25 8.0 9.22 9.0 10.2 10.0 11.18 11.0 12.17 12.0 13.15 13.0 14.14 14.0 15.13 15.0 16.12 16.0 43.46 42.72 44.38 43.66 86.12 85.7 21.59 23.54 132.65 131.37 91.29 90.47 64.33 64.76 17.26 17.72 84.72 85.15 76.32 75.29 106.38 104.39 109.6 108.56 67.23 66.48 72.12 71.57 52.39 51.97 121.63 119.77 42.44 41.34 100.02 98.06 79.01 81.01 117.39 116.0 96.18 94.79 99.72 99.5 59.03 61.03 14.21 15.56 149.46 150.71 75.66 73.68 59.48 57.57 
7.0 7.28 6.0 6.32 5.0 5.39 4.0 4.47 3.0 3.61 2.0 2.83 1.0 2.24 0.0 2.0 1.0 2.24 2.0 2.83 3.0 3.61 4.0 4.47 5.0 5.39 6.0 6.32 7.0 7.28 8.0 8.25 9.0 9.22 10.0 10.2 11.0 11.18 12.0 12.17 13.0 13.15 14.0 14.14 15.0 15.13 41.79 41.11 42.72 42.06 84.4 83.95 21.19 23.09 131.8 130.48 89.9 89.05 62.17 62.59 18.68 19.31 82.57 82.98 76.16 75.18 104.31 102.31 108.45 107.38 65.55 64.85 70.6 70.09 50.99 50.64 119.4 117.55 42.19 41.18 98.27 96.32 78.06 80.06 115.28 113.9 94.07 92.7 97.87 97.62 58.0 60.0 12.04 13.45 147.27 148.53 73.55 71.57 57.87 55.97 
7.28 7.0 6.32 6.0 5.39 5.0 4.47 4.0 3.61 3.0 2.83 2.0 2.24 1.0 2.0 0.0 2.24 1.0 2.83 2.0 3.61 3.0 4.47 4.0 5.39 5.0 6.32 6.0 7.28 7.0 8.25 8.0 9.22 9.0 10.2 10.0 11.18 11.0 12.17 12.0 13.15 13.0 14.14 14.0 15.13 15.0 42.54 41.79 43.46 42.72 86.35 85.91 20.62 22.56 133.3 132.01 91.71 90.87 64.13 64.54 18.25 18.68 84.53 84.93 77.18 76.16 106.3 104.31 110.14 109.08 66.31 65.55 71.17 70.6 51.42 50.99 121.26 119.4 43.27 42.19 100.22 98.27 78.01 80.01 116.67 115.28 95.46 94.07 99.85 99.61 58.03 60.03 13.6 14.87 148.84 150.08 75.54 73.55 59.77 57.87 
8.0 8.25 7.0 7.28 6.0 6.32 5.0 5.39 4.0 4.47 3.0 3.61 2.0 2.83 1.0 2.24 0.0 2.0 1.0 2.24 2.0 2.83 3.0 3.61 4.0 4.47 5.0 5.39 6.0 6.32 7.0 7.28 8.0 8.25 9.0 9.22 10.0 10.2 11.0 11.18 12.0 12.17 13.0 13.15 14.0 14.14 40.85 40.16 41.79 41.11 84.65 84.17 20.25 22.14 132.46 131.14 90.34 89.47 61.98 62.37 19.65 20.25 82.38 82.76 77.03 76.06 104.24 102.24 109.0 107.91 64.62 63.91 69.64 69.12 50.01 49.65 119.04 117.18 43.05 42.06 98.49 96.54 77.06 79.06 114.56 113.17 93.35 91.97 98.01 97.74 57.0 59.0 11.4 12.73 146.65 147.9 73.44 71.45 58.19 56.3 
8.25 8.0 7.28 7.0 6.32 6.0 5.39 5.0 4.47 4.0 3.61 3.0 2.83 2.0 2.24 1.0 2.0 0.0 2.24 1.0 2.83 2.0 3.61 3.0 4.47 4.0 5.39 5.0 6.32 6.0 7.28 7.0 8.25 8.0 9.22 9.0 10.2 10.0 11.18 11.0 12.17 12.0 13.15 13.0 14.14 14.0 41.63 40.85 42.54 41.79 86.59 86.12 19.65 21.59 133.96 132.65 92.14 91.29 63.95 64.33 19.24 19.65 84.34 84.72 78.03 77.03 106.23 104.24 110.68 109.6 65.39 64.62 70.21 69.64 50.45 50.01 120.9 119.04 44.1 43.05 100.44 98.49 77.01 79.01 115.97 114.56 94.75 93.35 99.98 99.72 57.04 59.03 13.04 14.21 148.22 149.46 75.43 73.44 60.08 58.19 
9.0 9.22 8.0 8.25 7.0 7.28 6.0 6.32 5.0 5.39 4.0 4.47 3.0 3.61 2.0 2.83 1.0 2.24 0.0 2.0 1.0 2.24 2.0 2.83 3.0 3.61 4.0 4.47 5.0 5.39 6.0 6.32 7.0 7.28 8.0 8.25 9.0 9.22 10.0 10.2 11.0 11.18 12.0 12.17 13.0 13.15 39.92 39.22 40.85 40.16 84.9 84.4 19.31 21.19 133.12 131.8 90.79 89.9 61.81 62.17 20.62 21.19 82.2 82.57 77.9 76.94 104.17 102.18 109.55 108.45 63.69 62.97 68.68 68.15 49.03 48.66 118.68 116.81 43.91 42.94 98.72 96.77 76.06 78.06 113.85 112.45 92.63 91.24 98.15 97.87 56.0 58.0 10.82 12.04 146.03 147.27 73.33 71.34 58.52 56.65 
9.22 9.0 8.25 8.0 7.28 7.0 6.32 6.0 5.39 5.0 4.47 4.0 3.61 3.0 2.83 2.0 2.24 1.0 2.0 0.0 2.24 1.0 2.83 2.0 3.61 3.0 4.47 4.0 5.39 5.0 6.32 6.0 7.28 7.0 8.25 8.0 9.22 9.0 10.2 10.0 11.18 11.0 12.17 12.0 13.15 13.0 40.72 39.92 41.63 40.85 86.83 86.35 18.68 20.62 134.62 133.3 92.57 91.71 63.79 64.13 20.22 20.62 84.17 84.53 78.89 77.9 106.17 104.17 111.22 110.14 64.47 63.69 69.26 68.68 49.48 49.03 120.55 118.68 44.94 43.91 100.66 98.72 76.01 78.01 115.26 113.85 94.05 92.63 100.13 99.85 56.04 58.03 12.53 13.6 147.61 148.84 75.33 73.33 60.41 58.52 
10.0 10.2 9.0 9.22 8.0 8.25 7.0 7.28 6.0 6.32 5.0 5.39 4.0 4.47 3.0 3.61 2.0 2.83 1.0 2.24 0.0 2.0 1.0 2.24 2.0 2.83 3.0 3.61 4.0 4.47 5.0 5.39 6.0 6.32 7.0 7.28 8.0 8.25 9.0 9.22 10.0 10.2 11.0 11.18 12.0 12.17 39.0 38.28 39.92 39.22 85.16 84.65 18.38 20.25 133.79 132.46 91.24 90.34 61.66 61.98 21.59 22.14 82.04 82.38 78.77 77.83 104.12 102.12 110.11 109.0 62.77 62.03 67.72 67.19 48.05 47.68 118.33 116.46 44.78 43.83 98.95 97.02 75.06 77.06 113.14 111.73 91.92 90.52 98.31 98.01 55.0 57.0 10.3 11.4 145.42 146.65 73.25 71.25 58.87 57.01 
10.2 10.0 9.22 9.0 8.25 8.0 7.28 7.0 6.32 6.0 5.39 5.0 4.47 4.0 3.61 3.0 2.83 2.0 2.24 1.0 2.0 0.0 2.24 1.0 2.83 2.0 3.61 3.0 4.47 4.0 5.39 5.0 6.32 6.0 7.28 7.0 8.25 8.0 9.22 9.0 10.2 10.0 11.18 11.0 12.17 12.0 39.81 39.0 40.72 39.92 87.09 86.59 17.72 19.65 135.28 133.96 93.02 92.14 63.64 63.95 21.21 21.59 84.01 84.34 79.76 78.77 106.12 104.12 111.77 110.68 63.56 62.77 68.31 67.72 48.51 48.05 120.21 118.33 45.79 44.78 100.9 98.95 75.01 77.01 114.56 113.14 93.35 91.92 100.28 99.98 55.04 57.04 12.08 13.04 147.0 148.22 75.24 73.25 60.75 58.87 
11.0 11.18 10.0 10.2 9.0 9.22 8.0 8.25 7.0 7.28 6.0 6.32 5.0 5.39 4.0 4.47 3.0 3.61 2.0 2.83 1.0 2.24 0.0 2.0 1.0 2.24 2.0 2.83 3.0 3.61 4.0 4.47 5.0 5.39 6.0 6.32 7.0 7.28 8.0 8.25 9.0 9.22 10.0 10.2 11.0 11.18 38.08 37.34 39.0 38.28 85.44 84.9 17.46 19.31 134.47 133.12 91.71 90.79 61.52 61.81 22.56 23.09 81.88 82.2 79.65 78.71 104.08 102.08 110.68 109.55 61.85 61.1 66.76 66.22 47.07 46.69 117.99 116.11 45.65 44.72 99.2 97.27 74.06 76.06 112.43 111.02 91.22 89.81 98.48 98.15 54.0 56.0 9.85 10.82 144.81 146.03 73.17 71.18 59.24 57.38 
11.18 11.0 10.2 10.0 9.22 9.0 8.25 8.0 7.28 7.0 6.32 6.0 5.39 5.0 4.47 4.0 3.61 3.0 2.83 2.0 2.24 1.0 2.0 0.0 2.24 1.0 2.83 2.0 3.61 3.0 4.47 4.0 5.39 5.0 6.32 6.0 7.28 7.0 8.25 8.0 9.22 9.0 10.2 10.0 11.18 11.0 38.91 38.08 39.81 39.0 87.36 86.83 16.76 18.68 135.95 134.62 93.48 92.57 63.51 63.79 22.2 22.56 83.86 84.17 80.62 79.65 106.08 104.08 112.33 111.22 62.65 61.85 67.36 66.76 47.54 47.07 119.87 117.99 46.65 45.65 101.14 99.2 74.01 76.01 113.86 112.43 92.66 91.22 100.45 100.13 54.04 56.04 11.7 12.53 146.4 147.61 75.17 73.17 61.1 59.24 
12.0 12.17 11.0 11.18 10.0 10.2 9.0 9.22 8.0 8.25 7.0 7.28 6.0 6.32 5.0 5.39 4.0 4.47 3.0 3.61 2.0 2.83 1.0 2.24 0.0 2.0 1.0 2.24 2.0 2.83 3.0 3.61 4.0 4.47 5.0 5.39 6.0 6.32 7.0 7.28 8.0 8.25 9.0 9.22 10.0 10.2 37.16 36.4 38.08 37.34 85.73 85.16 16.55 18.38 135.15 133.79 92.18 91.24 61.4 61.66 23.54 24.04 81.74 82.04 80.53 79.61 104.04 102.04 111.25 110.11 60.93 60.17 65.8 65.25 46.1 45.71 117.65 115.77 46.53 45.62 99.46 97.53 73.06 75.06 111.73 110.31 90.52 89.1 98.66 98.31 53.0 55.0 9.49 10.3 144.2 145.42 73.11 71.11 59.62 57.78 
12.17 12.0 11.18 11.0 10.2 10.0 9.22 9.0 8.25 8.0 7.28 7.0 6.32 6.0 5.39 5.0 4.47 4.0 3.61 3.0 2.83 2.0 2.24 1.0 2.0 0.0 2.24 1.0 2.83 2.0 3.61 3.0 4.47 4.0 5.39 5.0 6.32 6.0 7.28 7.0 8.25 8.0 9.22 9.0 10.2 10.0 38.01 37.16 38.91 38.08 87.64 87.09 15.81 17.72 136.62 135.28 93.94 93.02 63.39 63.64 23.19 23.54 83.73 84.01 81.49 80.53 106.04 104.04 112.89 111.77 61.74 60.93 66.41 65.8 46.57 46.1 119.54 117.65 47.51 46.53 101.39 99.46 73.01 75.01 113.17 111.73 91.97 90.52 100.62 100.28 53.04 55.04 11.4 12.08 145.8 147.0 75.11 73.11 61.47 59.62 
13.0 13.15 12.0 12.17 11.0 11.18 10.0 10.2 9.0 9.22 8.0 8.25 7.0 7.28 6.0 6.32 5.0 5.39 4.0 4.47 3.0 3.61 2.0 2.83 1.0 2.24 0.0 2.0 1.0 2.24 2.0 2.83 3.0 3.61 4.0 4.47 5.0 5.39 6.0 6.32 7.0 7.28 8.0 8.25 9.0 9.22 36.25 35.47 37.16 36.4 86.02 85.44 15.65 17.46 135.83 134.47 92.66 91.71 61.29 61.52 24.52 25.0 81.61 81.88 81.41 80.5 104.02 102.02 111.83 110.68 60.01 59.24 64.85 64.29 45.12 44.72 117.32 115.43 47.41 46.52 99.72 97.8 72.06 74.06 111.04 109.6 89.83 88.39 98.84 98.48 52.0 54.0 9.22 9.85 143.6 144.81 73.06 71.06 60.01 58.18 
13.15 13.0 12.17 12.0 11.18 11.0 10.2 10.0 9.22 9.0 8.25 8.0 7.28 7.0 6.32 6.0 5.39 5.0 4.47 4.0 3.61 3.0 2.83 2.0 2.24 1.0 2.0 0.0 2.24 1.0 2.83 2.0 3.61 3.0 4.47 4.0 5.39 5.0 6.32 6.0 7.28 7.0 8.25 8.0 9.22 9.0 37.12 36.25 38.01 37.16 87.93 87.36 14.87 16.76 137.3 135.95 94.41 93.48 63.29 63.51 24.19 24.52 83.6 83.86 82.37 81.41 106.02 104.02 113.46 112.33 60.84 60.01 65.46 64.85 45.61 45.12 119.22 117.32 48.37 47.41 101.65 99.72 72.01 74.01 112.49 111.04 91.29 89.83 100.81 100.45 52.04 54.04 11.18 11.7 145.21 146.4 75.06 73.06 61.85 60.01 
14.0 14.14 13.0 13.15 12.0 12.17 11.0 11.18 10.0 10.2 9.0 9.22 8.0 8.25 7.0 7.28 6.0 6.32 5.0 5.39 4.0 4.47 3.0 3.61 2.0 2.83 1.0 2.24 0.0 2.0 1.0 2.24 2.0 2.83 3.0 3.61 4.0 4.47 5.0 5.39 6.0 6.32 7.0 7.28 8.0 8.25 35.34 34.54 36.25 35.47 86.33 85.73 14.76 16.55 136.52 135.15 93.15 92.18 61.2 61.4 25.5 25.96 81.5 81.74 82.3 81.39 104.0 102.0 112.41 111.25 59.09 58.31 63.89 63.32 44.15 43.74 117.0 115.11 48.3 47.42 100.0 98.08 71.06 73.06 110.34 108.9 89.14 87.69 99.04 98.66 51.0 53.0 9.06 9.49 143.0 144.2 73.03 71.03 60.42 58.6 
14.14 14.0 13.15 13.0 12.17 12.0 11.18 11.0 10.2 10.0 9.22 9.0 8.25 8.0 7.28 7.0 6.32 6.0 5.39 5.0 4.47 4.0 3.61 3.0 2.83 2.0 2.24 1.0 2.0 0.0 2.24 1.0 2.83 2.0 3.61 3.0 4.47 4.0 5.39 5.0 6.32 6.0 7.28 7.0 8.25 8.0 36.24 35.34 37.12 36.25 88.23 87.64 13.93 15.81 137.97 136.62 94.89 93.94 63.2 63.39 25.18 25.5 83.49 83.73 83.24 82.3 106.0 104.0 114.04 112.89 59.93 59.09 64.51 63.89 44.64 44.15 118.9 117.0 49.24 48.3 101.92 100.0 71.01 73.01 111.8 110.34 90.61 89.14 101.0 100.62 51.04 53.04 11.05 11.4 144.62 145.8 75.03 73.03 62.24 60.42 
15.0 15.13 14.0 14.14 13.0 13.15 12.0 12.17 11.0 11.18 10.0 10.2 9.0 9.22 8.0 8.25 7.0 7.28 6.0 6.32 5.0 5.39 4.0 4.47 3.0 3.61 2.0 2.83 1.0 2.24 0.0 2.0 1.0 2.24 2.0 2.83 3.0 3.61 4.0 4.47 5.0 5.39 6.0 6.32 7.0 7.28 34.44 33.62 35.34 34.54 86.65 86.02 13.89 15.65 137.21 135.83 93.65 92.66 61.13 61.29 26.48 26.93 81.39 81.61 83.19 82.29 104.0 102.0 113.0 111.83 58.18 57.38 62.94 62.36 43.17 42.76 116.69 114.79 49.19 48.33 100.28 98.37 70.06 72.06 109.66 108.21 88.46 87.0 99.25 98.84 50.0 52.0 9.0 9.22 142.41 143.6 73.01 71.01 60.84 59.03 
15.13 15.0 14.14 14.0 13.15 13.0 12.17 12.0 11.18 11.0 10.2 10.0 9.22 9.0 8.25 8.0 7.28 7.0 6.32 6.0 5.39 5.0 4.47 4.0 3.61 3.0 2.83 2.0 2.24 1.0 2.0 0.0 2.24 1.0 2.83 2.0 3.61 3.0 4.47 4.0 5.39 5.0 6.32 6.0 7.28 7.0 35.36 34.44 36.24 35.34 88.54 87.93 13.0 14.87 138.66 137.3 95.38 94.41 63.13 63.29 26.17 26.48 83.38 83.6 84.12 83.19 106.0 104.0 114.62 113.46 59.03 58.18 63.57 62.94 43.68 43.17 118.6 116.69 50.12 49.19 102.2 100.28 70.01 72.01 111.13 109.66 89.94 88.46 101.2 100.81 50.04 52.04 11.0 11.18 144.03 145.21 75.01 73.01 62.65 60.84 
16.0 16.12 15.0 15.13 14.0 14.14 13.0 13.15 12.0 12.17 11.0 11.18 10.0 10.2 9.0 9.22 8.0 8.25 7.0 7.28 6.0 6.32 5.0 5.39 4.0 4.47 3.0 3.61 2.0 2.83 1.0 2.24 0.0 2.0 1.0 2.24 2.0 2.83 3.0 3.61 4.0 4.47 5.0 5.39 6.0 6.32 33.54 32.7 34.44 33.62 86.98 86.33 13.04 14.76 137.9 136.52 94.15 93.15 61.07 61.2 27.46 27.89 81.3 81.5 84.08 83.19 104.0 102.0 113.6 112.41 57.27 56.46 61.98 61.4 42.2 41.77 116.39 114.48 50.09 49.24 100.58 98.67 69.07 71.06 108.98 107.52 87.78 86.31 99.46 99.04 49.0 51.0 9.06 9.06 141.82 143.0 73.0 71.0 61.27 59.48 
16.12 16.0 15.13 15.0 14.14 14.0 13.15 13.0 12.17 12.0 11.18 11.0 10.2 10.0 9.22 9.0 8.25 8.0 7.28 7.0 6.32 6.0 5.39 5.0 4.47 4.0 3.61 3.0 2.83 2.0 2.24 1.0 2.0 0.0 2.24 1.0 2.83 2.0 3.61 3.0 4.47 4.0 5.39 5.0 6.32 6.0 34.48 33.54 35.36 34.44 88.87 88.23 12.08 13.93 139.34 137.97 95.88 94.89 63.07 63.2 27.17 27.46 83.29 83.49 85.0 84.08 106.0 104.0 115.21 114.04 58.14 57.27 62.63 61.98 42.72 42.2 118.3 116.39 51.0 50.09 102.49 100.58 69.01 71.01 110.45 108.98 89.27 87.78 101.41 101.0 49.04 51.04 11.05 11.05 143.45 144.62 75.0 73.0 63.07 61.27 
17.0 17.12 16.0 16.12 15.0 15.13 14.0 14.14 13.0 13.15 12.0 12.17 11.0 11.18 10.0 10.2 9.0 9.22 8.0 8.25 7.0 7.28 6.0 6.32 5.0 5.39 4.0 4.47 3.0 3.61 2.0 2.83 1.0 2.24 0.0 2.0 1.0 2.24 2.0 2.83 3.0 3.61 4.0 4.47 5.0 5.39 32.65 31.78 33.54 32.7 87.32 86.65 12.21 13.89 138.6 137.21 94.67 93.65 61.03 61.13 28.44 28.86 81.22 81.39 84.97 84.1 104.02 102.02 114.2 113.0 56.36 55.54 61.03 60.44 41.23 40.79 116.09 114.18 50.99 50.16 100.88 98.98 68.07 70.06 108.3 106.83 87.11 85.63 99.69 99.25 48.0 50.0 9.22 9.0 141.24 142.41 73.01 71.01 61.72 59.94 
17.12 17.0 16.12 16.0 15.13 15.0 14.14 14.0 13.15 13.0 12.17 12.0 11.18 11.0 10.2 10.0 9.22 9.0 8.25 8.0 7.28 7.0 6.32 6.0 5.39 5.0 4.47 4.0 3.61 3.0 2.83 2.0 2.24 1.0 2.0 0.0 2.24 1.0 2.83 2.0 3.61 3.0 4.47 4.0 5.39 5.0 33.62 32.65 34.48 33.54 89.2 88.54 11.18 13.0 140.04 138.66 96.38 95.38 63.03 63.13 28.16 28.44 83.22 83.38 85.88 84.97 106.02 104.02 115.8 114.62 57.25 56.36 61.68 61.03 41.76 41.23 118.0 116.09 51.88 50.99 102.79 100.88 68.01 70.01 109.79 108.3 88.62 87.11 101.64 101.2 48.04 50.04 11.18 11.0 142.87 144.03 75.01 73.01 63.51 61.72 
18.0 18.11 17.0 17.12 16.0 16.12 15.0 15.13 14.0 14.14 13.0 13.15 12.0 12.17 11.0 11.18 10.0 10.2 9.0 9.22 8.0 8.25 7.0 7.28 6.0 6.32 5.0 5.39 4.0 4.47 3.0 3.61 2.0 2.83 1.0 2.24 0.0 2.0 1.0 2.24 2.0 2.83 3.0 3.61 4.0 4.47 31.76 30.87 32.65 31.78 87.66 86.98 11.4 13.04 139.3 137.9 95.19 94.15 61.01 61.07 29.43 29.83 81.15 81.3 85.87 85.0 104.04 102.04 114.81 113.6 55.46 54.63 60.08 59.48 40.26 39.81 115.8 113.89 51.89 51.08 101.19 99.3 67.07 69.07 107.63 106.15 86.45 84.96 99.92 99.46 47.0 49.0 9.49 9.06 140.66 141.82 73.03 71.03 62.18 60.42 
18.11 18.0 17.12 17.0 16.12 16.0 15.13 15.0 14.14 14.0 13.15 13.0 12.17 12.0 11.18 11.0 10.2 10.0 9.22 9.0 8.25 8.0 7.28 7.0 6.32 6.0 5.39 5.0 4.47 4.0 3.61 3.0 2.83 2.0 2.24 1.0 2.0 0.0 2.24 1.0 2.83 2.0 3.61 3.0 4.47 4.0 32.76 31.76 33.62 32.65 89.54 88.87 10.3 12.08 140.73 139.34 96.9 95.88 63.01 63.07 29.15 29.43 83.15 83.29 86.77 85.87 106.04 104.04 116.4 115.21 56.36 55.46 60.75 60.08 40.8 40.26 117.72 115.8 52.77 51.89 103.09 101.19 67.01 69.01 109.12 107.63 87.97 86.45 101.87 101.41 47.04 49.04 11.4 11.05 142.3 143.45 75.03 73.03 63.95 62.18 
19.0 19.1 18.0 18.11 17.0 17.12 16.0 16.12 15.0 15.13 14.0 14.14 13.0 13.15 12.0 12.17 11.0 11.18 10.0 10.2 9.0 9.22 8.0 8.25 7.0 7.28 6.0 6.32 5.0 5.39 4.0 4.47 3.0 3.61 2.0 2.83 1.0 2.24 0.0 2.0 1.0 2.24 2.0 2.83 3.0 3.61 30.89 29.97 31.76 30.87 88.02 87.32 10.63 12.21 140.01 138.6 95.72 94.67 61.0 61.03 30.41 30.81 81.1 81.22 86.76 85.91 104.08 102.08 115.42 114.2 54.56 53.71 59.14 58.52 39.29 38.83 115.52 113.6 52.8 52.0 101.51 99.62 66.07 68.07 106.96 105.48 85.8 84.29 100.17 99.69 46.0 48.0 9.85 9.22 140.09 141.24 73.06 71.06 62.65 60.9 
19.1 19.0 18.11 18.0 17.12 17.0 16.12 16.0 15.13 15.0 14.14 14.0 13.15 13.0 12.17 12.0 11.18 11.0 10.2 10.0 9.22 9.0 8.25 8.0 7.28 7.0 6.32 6.0 5.39 5.0 4.47 4.0 3.61 3.0 2.83 2.0 2.24 1.0 2.0 0.0 2.24 1.0 2.83 2.0 3.61 3.0 31.91 30.89 32.76 31.76 89.89 89.2 9.43 11.18 141.43 140.04 97.42 96.38 63.0 63.03 30.15 30.41 83.1 83.22 87.66 86.76 106.08 104.08 117.0 115.8 55.47 54.56 59.81 59.14 39.85 39.29 117.44 115.52 53.67 52.8 103.41 101.51 66.01 68.01 108.47 106.96 87.32 85.8 102.11 101.64 46.04 48.04 11.7 11.18 141.74 142.87 75.06 73.06 64.41 62.65 
20.0 20.1 19.0 19.1 18.0 18.11 17.0 17.12 16.0 16.12 15.0 15.13 14.0 14.14 13.0 13.15 12.0 12.17 11.0 11.18 10.0 10.2 9.0 9.22 8.0 8.25 7.0 7.28 6.0 6.32 5.0 5.39 4.0 4.47 3.0 3.61 2.0 2.83 1.0 2.24 0.0 2.0 1.0 2.24 2.0 2.83 30.02 29.07 30.89 29.97 88.39 87.66 9.9 11.4 140.72 139.3 96.25 95.19 61.01 61.01 31.4 31.78 81.06 81.15 87.66 86.82 104.12 102.12 116.04 114.81 53.67 52.8 58.19 57.57 38.33 37.85 115.25 113.32 53.71 52.92 101.84 99.96 65.07 67.07 106.3 104.8 85.15 83.63 100.42 99.92 45.0 47.0 10.3 9.49 139.52 140.66 73.11 71.11 63.13 61.4 
20.1 20.0 19.1 19.0 18.11 18.0 17.12 17.0 16.12 16.0 15.13 15.0 14.14 14.0 13.15 13.0 12.17 12.0 11.18 11.0 10.2 10.0 9.22 9.0 8.25 8.0 7.28 7.0 6.32 6.0 5.39 5.0 4.47 4.0 3.61 3.0 2.83 2.0 2.24 1.0 2.0 0.0 2.24 1.0 2.83 2.0 31.06 30.02 31.91 30.89 90.25 89.54 8.6 10.3 142.13 140.73 97.94 96.9 63.01 63.01 31.14 31.4 83.05 83.15 88.55 87.66 106.12 104.12 117.61 116.4 54.59 53.67 58.87 58.19 38.9 38.33 117.18 115.25 54.56 53.71 103.73 101.84 65.01 67.01 107.81 106.3 86.68 85.15 102.36 101.87 45.04 47.04 12.08 11.4 141.17 142.3 75.11 73.11 64.88 63.13 
21.0 21.1 20.0 20.1 19.0 19.1 18.0 18.11 17.0 17.12 16.0 16.12 15.0 15.13 14.0 14.14 13.0 13.15 12.0 12.17 11.0 11.18 10.0 10.2 9.0 9.22 8.0 8.25 7.0 7.28 6.0 6.32 5.0 5.39 4.0 4.47 3.0 3.61 2.0 2.83 1.0 2.24 0.0 2.0 1.0 2.24 29.15 28.18 30.02 29.07 88.77 88.02 9.22 10.63 141.43 140.01 96.8 95.72 61.03 61.0 32.39 32.76 81.02 81.1 88.57 87.73 104.17 102.18 116.66 115.42 52.77 51.89 57.25 56.61 37.36 36.88 114.98 113.05 54.63 53.85 102.18 100.3 64.07 66.07 105.65 104.14 84.5 82.98 100.69 100.17 44.0 46.0 10.82 9.85 138.96 140.09 73.17 71.18 63.63 61.91 
21.1 21.0 20.1 20.0 19.1 19.0 18.11 18.0 17.12 17.0 16.12 16.0 15.13 15.0 14.14 14.0 13.15 13.0 12.17 12.0 11.18 11.0 10.2 10.0 9.22 9.0 8.25 8.0 7.28 7.0 6.32 6.0 5.39 5.0 4.47 4.0 3.61 3.0 2.83 2.0 2.24 1.0 2.0 0.0 2.24 1.0 30.23 29.15 31.06 30.02 90.62 89.89 7.81 9.43 142.84 141.43 98.48 97.42 63.03 63.0 32.14 32.39 83.02 83.1 89.44 88.57 106.17 104.17 118.23 117.0 53.71 52.77 57.94 57.25 37.95 37.36 116.91 114.98 55.46 54.63 104.06 102.18 64.01 66.01 107.17 105.65 86.05 84.5 102.62 102.11 44.05 46.04 12.53 11.7 140.62 141.74 75.17 73.17 65.37 63.63 
22.0 22.09 21.0 21.1 20.0 20.1 19.0 19.1 18.0 18.11 17.0 17.12 16.0 16.12 15.0 15.13 14.0 14.14 13.0 13.15 12.0 12.17 11.0 11.18 10.0 10.2 9.0 9.22 8.0 8.25 7.0 7.28 6.0 6.32 5.0 5.39 4.0 4.47 3.0 3.61 2.0 2.83 1.0 2.24 0.0 2.0 28.3 27.29 29.15 28.18 89.16 88.39 8.6 9.9 142.14 140.72 97.35 96.25 61.07 61.01 33.38 33.73 81.01 81.06 89.47 88.64 104.24 102.24 117.29 116.04 51.88 50.99 56.3 55.66 36.4 35.9 114.73 112.79 55.54 54.78 102.53 100.66 63.07 65.07 105.0 103.48 83.87 82.33 100.96 100.42 43.0 45.0 11.4 10.3 138.4 139.52 73.25 71.25 64.14 62.43 
22.09 22.0 21.1 21.0 20.1 20.0 19.1 19.0 18.11 18.0 17.12 17.0 16.12 16.0 15.13 15.0 14.14 14.0 13.15 13.0 12.17 12.0 11.18 11.0 10.2 10.0 9.22 9.0 8.25 8.0 7.28 7.0 6.32 6.0 5.39 5.0 4.47 4.0 3.61 3.0 2.83 2.0 2.24 1.0 2.0 0.0 29.41 28.3 30.23 29.15 91.0 90.25 7.07 8.6 143.54 142.13 99.02 97.94 63.07 63.01 33.14 33.38 83.01 83.05 90.34 89.47 106.23 104.24 118.85 117.61 52.84 51.88 57.01 56.3 37.0 36.4 116.66 114.73 56.36 55.54 104.4 102.53 63.01 65.01 106.53 105.0 85.43 83.87 102.88 102.36 43.05 45.04 13.04 12.08 140.06 141.17 75.24 73.25 65.86 64.14 
48.38 49.04 47.43 48.1 46.49 47.17 45.54 46.24 44.6 45.31 43.66 44.38 42.72 43.46 41.79 42.54 40.85 41.63 39.92 40.72 39.0 39.81 38.08 38.91 37.16 38.01 36.25 37.12 35.34 36.24 34.44 35.36 33.54 34.48 32.65 33.62 31.76 32.76 30.89 31.91 30.02 31.06 29.15 30.23 28.3 29.41 0.0 2.0 1.0 2.24 89.27 87.97 29.07 27.8 151.43 149.77 102.18 100.66 53.34 52.35 60.41 61.1 69.89 69.26 107.49 107.08 94.24 92.36 124.02 122.44 23.77 23.09 29.27 29.07 12.08 13.04 96.13 94.13 75.33 75.17 100.8 99.2 42.95 44.78 78.49 76.84 57.8 56.08 97.1 96.04 24.21 25.81 31.58 29.61 113.18 114.13 65.3 63.53 69.63 68.51 
47.8 48.38 46.84 47.43 45.88 46.49 44.92 45.54 43.97 44.6 43.01 43.66 42.06 42.72 41.11 41.79 40.16 40.85 39.22 39.92 38.28 39.0 37.34 38.08 36.4 37.16 35.47 36.25 34.54 35.34 33.62 34.44 32.7 33.54 31.78 32.65 30.87 31.76 29.97 30.89 29.07 30.02 28.18 29.15 27.29 28.3 2.0 0.0 2.24 1.0 90.79 89.5 27.59 26.25 152.55 150.9 103.48 101.98 55.07 54.12 59.77 60.41 71.78 71.17 107.94 107.49 96.14 94.24 125.25 123.69 24.6 23.77 29.61 29.27 11.4 12.08 98.13 96.13 75.54 75.33 102.42 100.8 42.15 44.01 80.16 78.49 59.54 57.8 98.79 97.75 23.02 24.7 31.26 29.27 114.95 115.88 67.08 65.3 70.8 69.63 
49.34 49.98 48.38 49.04 47.43 48.1 46.49 47.17 45.54 46.24 44.6 45.31 43.66 44.38 42.72 43.46 41.79 42.54 40.85 41.63 39.92 40.72 39.0 39.81 38.08 38.91 37.16 38.01 36.25 37.12 35.34 36.24 34.44 35.36 33.54 34.48 32.65 33.62 31.76 32.76 30.89 31.91 30.02 31.06 29.15 30.23 1.0 2.24 0.0 2.0 89.94 88.62 29.73 28.43 152.27 150.6 102.94 101.41 53.85 52.84 61.35 62.03 70.23 69.57 108.47 108.06 94.58 92.7 124.81 123.23 22.85 22.14 28.28 28.07 11.18 12.21 96.08 94.09 76.32 76.16 101.4 99.81 42.05 43.86 77.94 76.28 57.31 55.57 97.64 96.57 23.43 25.0 32.56 30.59 112.71 113.65 65.76 64.01 70.46 69.34 
48.76 49.34 47.8 48.38 46.84 47.43 45.88 46.49 44.92 45.54 43.97 44.6 43.01 43.66 42.06 42.72 41.11 41.79 40.16 40.85 39.22 39.92 38.28 39.0 37.34 38.08 36.4 37.16 35.47 36.25 34.54 35.34 33.62 34.44 32.7 33.54 31.78 32.65 30.87 31.76 29.97 30.89 29.07 30.02 28.18 29.15 2.24 1.0 2.0 0.0 91.44 90.14 28.28 26.91 153.38 151.73 104.24 102.73 55.57 54.59 60.73 61.35 72.11 71.47 108.91 108.47 96.46 94.58 126.04 124.47 23.71 22.85 28.64 28.28 10.44 11.18 98.08 96.08 76.53 76.32 103.0 101.4 41.23 43.08 79.61 77.94 59.06 57.31 99.32 98.27 22.2 23.85 32.25 30.27 114.49 115.41 67.54 65.76 71.61 70.46 
83.02 85.0 83.19 85.16 83.36 85.33 83.55 85.51 83.74 85.7 83.95 85.91 84.17 86.12 84.4 86.35 84.65 86.59 84.9 86.83 85.16 87.09 85.44 87.36 85.73 87.64 86.02 87.93 86.33 88.23 86.65 88.54 86.98 88.87 87.32 89.2 87.66 89.54 88.02 89.89 88.39 90.25 88.77 90.62 89.16 91.0 89.27 90.79 89.94 91.44 0.0 2.0 97.58 98.41 69.12 67.19 19.03 17.03 38.28 39.96 87.02 89.02 36.01 38.01 63.66 65.05 35.61 34.41 40.02 38.08 99.62 100.8 108.23 109.4 100.42 101.86 70.26 69.46 62.1 64.03 14.04 12.04 129.73 131.24 103.02 103.08 89.63 90.03 16.55 17.49 113.17 114.56 78.19 78.92 116.76 118.68 30.36 31.02 27.07 29.07 
82.73 84.72 82.87 84.85 83.02 85.0 83.19 85.16 83.36 85.33 83.55 85.51 83.74 85.7 83.95 85.91 84.17 86.12 84.4 86.35 84.65 86.59 84.9 86.83 85.16 87.09 85.44 87.36 85.73 87.64 86.02 87.93 86.33 88.23 86.65 88.54 86.98 88.87 87.32 89.2 87.66 89.54 88.02 89.89 88.39 90.25 87.97 89.5 88.62 90.14 2.0 0.0 96.77 97.58 71.06 69.12 21.02 19.03 36.62 38.28 87.0 89.0 34.01 36.01 65.12 66.48 34.06 32.8 41.98 40.02 98.01 99.2 106.61 107.8 99.04 100.5 68.45 67.62 62.64 64.56 14.32 12.37 128.22 129.73 101.02 101.08 87.66 88.07 15.81 16.55 111.8 113.17 77.49 78.19 114.84 116.76 28.46 29.15 27.0 29.0 
27.89 27.46 26.93 26.48 25.96 25.5 25.0 24.52 24.04 23.54 23.09 22.56 22.14 21.59 21.19 20.62 20.25 19.65 19.31 18.68 18.38 17.72 17.46 16.76 16.55 15.81 15.65 14.87 14.76 13.93 13.89 13.0 13.04 12.08 12.21 11.18 11.4 10.3 10.63 9.43 9.9 8.6 9.22 7.81 8.6 7.07 29.07 27.59 29.73 28.28 97.58 96.77 0.0 2.0 150.62 149.2 105.95 104.85 68.47 68.26 38.05 38.0 88.09 88.02 97.06 96.15 111.65 109.66 125.88 124.63 51.4 50.22 54.59 53.67 34.48 33.54 120.42 118.46 63.06 62.17 110.86 109.0 58.14 60.13 107.42 105.8 86.53 84.88 109.11 108.52 38.64 40.61 20.0 18.87 141.66 142.69 80.75 78.77 72.72 71.02 
29.83 29.43 28.86 28.44 27.89 27.46 26.93 26.48 25.96 25.5 25.0 24.52 24.04 23.54 23.09 22.56 22.14 21.59 21.19 20.62 20.25 19.65 19.31 18.68 18.38 17.72 17.46 16.76 16.55 15.81 15.65 14.87 14.76 13.93 13.89 13.0 13.04 12.08 12.21 11.18 11.4 10.3 10.63 9.43 9.9 8.6 27.8 26.25 28.43 26.91 98.41 97.58 2.0 0.0 152.04 150.62 107.07 105.95 68.73 68.47 40.05 40.0 88.2 88.09 98.84 97.94 111.88 109.9 127.14 125.88 49.82 48.6 52.84 51.88 32.76 31.76 120.03 118.07 64.85 63.98 111.62 109.77 56.14 58.14 106.25 104.62 85.44 83.76 109.73 109.11 36.67 38.64 21.26 20.0 140.66 141.66 81.05 79.08 73.78 72.11 
127.28 128.84 127.91 129.47 128.55 130.1 129.19 130.73 129.83 131.37 130.48 132.01 131.14 132.65 131.8 133.3 132.46 133.96 133.12 134.62 133.79 135.28 134.47 135.95 135.15 136.62 135.83 137.3 136.52 137.97 137.21 138.66 137.9 139.34 138.6 140.04 139.3 140.73 140.01 141.43 140.72 142.13 141.43 142.84 142.14 143.54 151.43 152.55 152.27 153.38 69.12 71.06 150.62 152.04 0.0 2.0 51.26 53.14 106.04 107.91 124.81 126.48 104.56 106.53 64.51 66.41 95.13 95.05 29.12 31.05 165.92 166.83 174.43 175.35 163.37 164.47 131.55 131.38 92.36 94.03 66.07 66.19 193.98 195.69 171.06 171.29 158.69 159.13 74.03 76.03 175.57 177.23 130.86 132.32 179.71 181.71 99.46 100.0 81.84 82.93 
126.04 127.61 126.66 128.23 127.28 128.84 127.91 129.47 128.55 130.1 129.19 130.73 129.83 131.37 130.48 132.01 131.14 132.65 131.8 133.3 132.46 133.96 133.12 134.62 133.79 135.28 134.47 135.95 135.15 136.62 135.83 137.3 136.52 137.97 137.21 138.66 137.9 139.34 138.6 140.04 139.3 140.73 140.01 141.43 140.72 142.13 149.77 150.9 150.6 151.73 67.19 69.12 149.2 150.62 2.0 0.0 49.4 51.26 104.18 106.04 123.71 125.4 102.59 104.56 63.89 65.8 93.13 93.05 27.2 29.12 164.14 165.06 172.65 173.59 161.7 162.81 129.56 129.39 91.27 92.96 64.07 64.2 192.28 193.98 169.07 169.31 156.73 157.18 72.03 74.03 173.93 175.57 129.42 130.86 177.72 179.71 97.53 98.08 80.16 81.27 
87.09 88.96 87.46 89.32 87.85 89.69 88.24 90.08 88.64 90.47 89.05 90.87 89.47 91.29 89.9 91.71 90.34 92.14 90.79 92.57 91.24 93.02 91.71 93.48 92.18 93.94 92.66 94.41 93.15 94.89 93.65 95.38 94.15 95.88 94.67 96.38 95.19 96.9 95.72 97.42 96.25 97.94 96.8 98.48 97.35 99.02 102.18 103.48 102.94 104.24 19.03 21.02 105.95 107.07 51.26 49.4 0.0 2.0 54.78 56.65 88.53 90.47 55.0 57.0 50.77 52.48 52.33 51.48 22.36 20.59 115.1 116.11 123.66 124.68 113.85 115.11 88.26 87.6 59.08 61.07 23.43 22.2 144.03 145.66 122.0 122.04 108.19 108.5 30.53 32.25 126.37 127.91 85.98 87.09 135.34 137.28 48.66 49.03 33.42 35.0 
86.38 88.26 86.73 88.6 87.09 88.96 87.46 89.32 87.85 89.69 88.24 90.08 88.64 90.47 89.05 90.87 89.47 91.29 89.9 91.71 90.34 92.14 90.79 92.57 91.24 93.02 91.71 93.48 92.18 93.94 92.66 94.41 93.15 94.89 93.65 95.38 94.15 95.88 94.67 96.38 95.19 96.9 95.72 97.42 96.25 97.94 100.66 101.98 101.41 102.73 17.03 19.03 104.85 105.95 53.14 51.26 2.0 0.0 52.92 54.78 88.07 90.03 53.0 55.0 51.87 53.54 50.54 49.66 24.17 22.36 113.37 114.39 121.94 122.97 112.29 113.57 86.38 85.7 59.01 61.01 21.93 20.62 142.41 144.03 120.0 120.04 106.21 106.53 28.84 30.53 124.84 126.37 84.91 85.98 133.41 135.34 46.69 47.07 32.2 33.84 
63.89 65.8 63.6 65.52 63.32 65.25 63.06 65.0 62.82 64.76 62.59 64.54 62.37 64.33 62.17 64.13 61.98 63.95 61.81 63.79 61.66 63.64 61.52 63.51 61.4 63.39 61.29 63.29 61.2 63.2 61.13 63.13 61.07 63.07 61.03 63.03 61.01 63.01 61.0 63.0 61.01 63.01 61.03 63.03 61.07 63.07 53.34 55.07 53.85 55.57 38.28 36.62 68.47 68.73 106.04 104.18 54.78 52.92 0.0 2.0 72.5 74.32 20.4 20.88 81.32 81.91 43.19 41.19 77.08 75.24 61.4 62.63 70.0 71.22 63.6 65.22 59.36 57.69 61.85 63.13 48.1 46.67 91.93 93.38 73.5 73.01 56.14 56.04 43.83 42.72 76.4 77.62 52.15 52.04 96.52 98.18 12.37 10.44 30.59 31.05 
64.51 66.41 64.2 66.1 63.89 65.8 63.6 65.52 63.32 65.25 63.06 65.0 62.82 64.76 62.59 64.54 62.37 64.33 62.17 64.13 61.98 63.95 61.81 63.79 61.66 63.64 61.52 63.51 61.4 63.39 61.29 63.29 61.2 63.2 61.13 63.13 61.07 63.07 61.03 63.03 61.01 63.01 61.0 63.0 61.01 63.01 52.35 54.12 52.84 54.59 39.96 38.28 68.26 68.47 107.91 106.04 56.65 54.78 2.0 0.0 73.35 75.15 20.1 20.4 83.24 83.82 43.42 41.44 78.92 77.08 59.82 61.07 68.41 69.66 62.43 64.07 58.31 56.6 63.41 64.66 49.5 48.1 90.51 91.93 71.57 71.06 54.15 54.04 45.0 43.83 75.21 76.4 52.35 52.15 94.87 96.52 13.0 11.18 32.56 32.98 
12.08 11.4 13.0 12.37 13.93 13.34 14.87 14.32 15.81 15.3 16.76 16.28 17.72 17.26 18.68 18.25 19.65 19.24 20.62 20.22 21.59 21.21 22.56 22.2 23.54 23.19 24.52 24.19 25.5 25.18 26.48 26.17 27.46 27.17 28.44 28.16 29.43 29.15 30.41 30.15 31.4 31.14 32.39 32.14 33.38 33.14 60.41 59.77 61.35 60.73 87.02 87.0 38.05 40.05 124.81 123.71 88.53 88.07 72.5 73.35 0.0 2.0 92.48 93.23 64.44 63.13 112.06 110.11 104.39 103.62 84.15 83.49 89.29 88.77 69.63 69.23 131.53 129.77 32.45 30.81 101.04 99.05 96.02 98.02 132.01 130.73 110.89 109.64 102.12 102.24 76.16 78.16 29.53 31.3 162.79 164.15 82.54 80.65 60.0 58.0 
13.04 12.08 13.89 13.0 14.76 13.93 15.65 14.87 16.55 15.81 17.46 16.76 18.38 17.72 19.31 18.68 20.25 19.65 21.19 20.62 22.14 21.59 23.09 22.56 24.04 23.54 25.0 24.52 25.96 25.5 26.93 26.48 27.89 27.46 28.86 28.44 29.83 29.43 30.81 30.41 31.78 31.4 32.76 32.39 33.73 33.38 61.1 60.41 62.03 61.35 89.02 89.0 38.0 40.0 126.48 125.4 90.47 90.03 74.32 75.15 2.0 0.0 94.34 95.08 65.8 64.44 114.0 112.06 106.23 105.48 84.86 84.15 89.84 89.29 70.09 69.63 133.3 131.53 34.13 32.45 103.04 101.04 96.08 98.08 133.3 132.01 112.16 110.89 104.12 104.24 76.32 78.31 30.53 32.25 164.27 165.61 84.43 82.54 62.0 60.0 
84.2 86.13 83.93 85.87 83.68 85.62 83.43 85.38 83.2 85.15 82.98 84.93 82.76 84.72 82.57 84.53 82.38 84.34 82.2 84.17 82.04 84.01 81.88 83.86 81.74 83.73 81.61 83.6 81.5 83.49 81.39 83.38 81.3 83.29 81.22 83.22 81.15 83.15 81.1 83.1 81.06 83.05 81.02 83.02 81.01 83.01 69.89 71.78 70.23 72.11 36.01 34.01 88.09 88.2 104.56 102.59 55.0 53.0 20.4 20.1 92.48 94.34 0.0 2.0 92.59 93.54 24.35 22.47 75.66 73.68 72.62 74.2 80.92 82.46 78.72 80.53 41.04 39.6 78.64 80.16 39.92 39.22 104.4 105.6 67.01 67.07 54.41 55.03 33.12 31.38 91.24 92.18 72.44 72.25 83.26 85.09 10.63 12.21 42.8 44.05 
84.77 86.68 84.48 86.4 84.2 86.13 83.93 85.87 83.68 85.62 83.43 85.38 83.2 85.15 82.98 84.93 82.76 84.72 82.57 84.53 82.38 84.34 82.2 84.17 82.04 84.01 81.88 83.86 81.74 83.73 81.61 83.6 81.5 83.49 81.39 83.38 81.3 83.29 81.22 83.22 81.15 83.15 81.1 83.1 81.06 83.05 69.26 71.17 69.57 71.47 38.01 36.01 88.02 88.09 106.53 104.56 57.0 55.0 20.88 20.4 93.23 95.08 2.0 0.0 94.37 95.29 25.08 23.26 77.65 75.66 71.4 73.01 79.65 81.22 77.88 79.71 39.7 38.21 79.98 81.47 41.79 41.11 103.23 104.4 65.01 65.07 52.5 53.14 34.89 33.12 90.34 91.24 72.69 72.44 81.44 83.26 12.04 13.45 44.41 45.61 
70.18 71.28 71.02 72.11 71.87 72.95 72.72 73.78 73.57 74.63 74.43 75.47 75.29 76.32 76.16 77.18 77.03 78.03 77.9 78.89 78.77 79.76 79.65 80.62 80.53 81.49 81.41 82.37 82.3 83.24 83.19 84.12 84.08 85.0 84.97 85.88 85.87 86.77 86.76 87.66 87.66 88.55 88.57 89.44 89.47 90.34 107.49 107.94 108.47 108.91 63.66 65.12 97.06 98.84 64.51 63.89 50.77 51.87 81.32 83.24 64.44 65.8 92.59 94.37 0.0 2.0 99.16 97.84 53.46 53.76 127.77 128.0 135.34 135.64 119.33 119.82 132.02 130.92 34.0 34.99 73.41 71.84 149.72 151.65 154.81 154.28 136.69 136.31 79.31 80.66 129.69 131.61 79.48 81.34 175.76 177.56 82.76 81.94 50.92 50.29 
69.12 70.18 69.97 71.02 70.83 71.87 71.69 72.72 72.56 73.57 73.43 74.43 74.3 75.29 75.18 76.16 76.06 77.03 76.94 77.9 77.83 78.77 78.71 79.65 79.61 80.53 80.5 81.41 81.39 82.3 82.29 83.19 83.19 84.08 84.1 84.97 85.0 85.87 85.91 86.76 86.82 87.66 87.73 88.57 88.64 89.47 107.08 107.49 108.06 108.47 65.05 66.48 96.15 97.94 66.41 65.8 52.48 53.54 81.91 83.82 63.13 64.44 93.54 95.29 2.0 0.0 100.5 99.16 55.44 55.73 127.57 127.77 135.07 135.34 118.88 119.33 133.14 132.02 33.11 34.0 75.0 73.41 149.19 151.12 155.36 154.81 137.1 136.69 80.81 82.13 129.12 131.04 78.77 80.65 176.65 178.44 83.63 82.76 51.62 50.92 
105.08 107.06 104.94 106.92 104.81 106.79 104.69 106.68 104.58 106.57 104.48 106.47 104.39 106.38 104.31 106.3 104.24 106.23 104.17 106.17 104.12 106.12 104.08 106.08 104.04 106.04 104.02 106.02 104.0 106.0 104.0 106.0 104.0 106.0 104.02 106.02 104.04 106.04 104.08 106.08 104.12 106.12 104.17 106.17 104.24 106.23 94.24 96.14 94.58 96.46 35.61 34.06 111.65 111.88 95.13 93.13 52.33 50.54 43.19 43.42 112.06 114.0 24.35 25.08 99.16 100.5 0.0 2.0 68.25 66.29 95.96 97.64 104.04 105.68 102.96 104.79 36.67 36.35 93.06 94.83 30.08 30.68 127.86 128.97 78.75 79.38 71.56 72.67 22.14 20.25 115.39 116.28 95.0 95.02 84.72 86.7 31.02 33.02 55.47 57.25 
103.1 105.08 102.96 104.94 102.83 104.81 102.7 104.69 102.59 104.58 102.49 104.48 102.4 104.39 102.31 104.31 102.24 104.24 102.18 104.17 102.12 104.12 102.08 104.08 102.04 104.04 102.02 104.02 102.0 104.0 102.0 104.0 102.0 104.0 102.02 104.02 102.04 104.04 102.08 104.08 102.12 104.12 102.18 104.17 102.24 104.24 92.36 94.24 92.7 94.58 34.41 32.8 109.66 109.9 95.05 93.05 51.48 49.66 41.19 41.44 110.11 112.06 22.47 23.26 97.84 99.16 2.0 0.0 67.9 65.92 94.3 95.96 102.42 104.04 101.13 102.96 37.11 36.67 91.3 93.06 29.61 30.08 126.19 127.31 78.16 78.75 70.49 71.56 21.59 19.65 113.6 114.49 93.0 93.02 85.0 86.98 29.02 31.02 53.71 55.47 
104.81 106.55 105.31 107.04 105.82 107.54 106.33 108.05 106.85 108.56 107.38 109.08 107.91 109.6 108.45 110.14 109.0 110.68 109.55 111.22 110.11 111.77 110.68 112.33 111.25 112.89 111.83 113.46 112.41 114.04 113.0 114.62 113.6 115.21 114.2 115.8 114.81 116.4 115.42 117.0 116.04 117.61 116.66 118.23 117.29 118.85 124.02 125.25 124.81 126.04 40.02 41.98 125.88 127.14 29.12 27.2 22.36 24.17 77.08 78.92 104.39 106.23 75.66 77.65 53.46 55.44 68.25 67.9 0.0 2.0 137.44 138.42 145.99 146.99 135.8 137.0 104.92 104.56 72.73 74.63 38.33 38.12 166.15 167.8 142.43 142.59 129.63 130.05 46.39 48.37 148.22 149.81 105.89 107.17 152.9 154.87 70.34 70.88 54.56 55.9 
103.83 105.59 104.32 106.07 104.81 106.55 105.31 107.04 105.82 107.54 106.33 108.05 106.85 108.56 107.38 109.08 107.91 109.6 108.45 110.14 109.0 110.68 109.55 111.22 110.11 111.77 110.68 112.33 111.25 112.89 111.83 113.46 112.41 114.04 113.0 114.62 113.6 115.21 114.2 115.8 114.81 116.4 115.42 117.0 116.04 117.61 122.44 123.69 123.23 124.47 38.08 40.02 124.63 125.88 31.05 29.12 20.59 22.36 75.24 77.08 103.62 105.48 73.68 75.66 53.76 55.73 66.29 65.92 2.0 0.0 135.69 136.69 144.25 145.26 134.2 135.42 102.96 102.59 72.12 74.04 36.35 36.12 164.5 166.15 140.43 140.6 127.68 128.1 44.41 46.39 146.65 148.22 104.64 105.89 150.92 152.9 68.41 68.96 53.08 54.45 
72.11 72.8 71.17 71.87 70.23 70.94 69.29 70.01 68.35 69.08 67.42 68.15 66.48 67.23 65.55 66.31 64.62 65.39 63.69 64.47 62.77 63.56 61.85 62.65 60.93 61.74 60.01 60.84 59.09 59.93 58.18 59.03 57.27 58.14 56.36 57.25 55.46 56.36 54.56 55.47 53.67 54.59 52.77 53.71 51.88 52.84 23.77 24.6 22.85 23.71 99.62 98.01 51.4 49.82 165.92 164.14 115.1 113.37 61.4 59.82 84.15 84.86 72.62 71.4 127.77 127.57 95.96 94.3 137.44 135.69 0.0 2.0 8.6 9.9 17.8 19.42 88.65 86.68 97.02 97.08 109.12 107.81 31.91 33.02 60.17 58.31 41.59 39.62 103.95 102.53 24.19 24.02 55.08 53.16 96.14 96.8 71.45 70.09 84.86 84.15 
71.47 72.11 70.52 71.17 69.57 70.23 68.62 69.29 67.68 68.35 66.73 67.42 65.79 66.48 64.85 65.55 63.91 64.62 62.97 63.69 62.03 62.77 61.1 61.85 60.17 60.93 59.24 60.01 58.31 59.09 57.38 58.18 56.46 57.27 55.54 56.36 54.63 55.46 53.71 54.56 52.8 53.67 51.89 52.77 50.99 51.88 23.09 23.77 22.14 22.85 100.8 99.2 50.22 48.6 166.83 165.06 116.11 114.39 62.63 61.07 83.49 84.15 74.2 73.01 128.0 127.77 97.64 95.96 138.42 136.69 2.0 0.0 7.62 8.6 16.28 17.8 90.61 88.65 97.0 97.02 110.45 109.12 30.23 31.4 62.03 60.17 43.57 41.59 105.36 103.97 22.2 22.02 54.57 52.63 98.03 98.68 72.84 71.45 85.62 84.86 
77.37 77.88 76.4 76.92 75.43 75.96 74.46 75.0 73.5 74.04 72.53 73.08 71.57 72.12 70.6 71.17 69.64 70.21 68.68 69.26 67.72 68.31 66.76 67.36 65.8 66.41 64.85 65.46 63.89 64.51 62.94 63.57 61.98 62.63 61.03 61.68 60.08 60.75 59.14 59.81 58.19 58.87 57.25 57.94 56.3 57.01 29.27 29.61 28.28 28.64 108.23 106.61 54.59 52.84 174.43 172.65 123.66 121.94 70.0 68.41 89.29 89.84 80.92 79.65 135.34 135.07 104.04 102.42 145.99 144.25 8.6 7.62 0.0 2.0 20.12 21.1 95.08 93.15 104.04 104.0 117.69 116.39 24.17 25.06 62.82 60.88 46.0 44.0 112.45 111.02 21.47 20.62 60.83 58.86 98.95 99.46 79.98 78.64 93.23 92.48 
76.9 77.37 75.93 76.4 74.95 75.43 73.98 74.46 73.01 73.5 72.03 72.53 71.06 71.57 70.09 70.6 69.12 69.64 68.15 68.68 67.19 67.72 66.22 66.76 65.25 65.8 64.29 64.85 63.32 63.89 62.36 62.94 61.4 61.98 60.44 61.03 59.48 60.08 58.52 59.14 57.57 58.19 56.61 57.25 55.66 56.3 29.07 29.27 28.07 28.28 109.4 107.8 53.67 51.88 175.35 173.59 124.68 122.97 71.22 69.66 88.77 89.29 82.46 81.22 135.64 135.34 105.68 104.04 146.99 145.26 9.9 8.6 2.0 0.0 19.31 20.12 97.02 95.08 104.12 104.04 119.0 117.69 22.36 23.32 64.76 62.82 48.0 46.0 113.85 112.43 19.72 18.79 60.53 58.55 100.9 101.39 81.34 79.98 94.02 93.23 
57.87 58.25 56.89 57.27 55.9 56.29 54.92 55.32 53.94 54.34 52.95 53.37 51.97 52.39 50.99 51.42 50.01 50.45 49.03 49.48 48.05 48.51 47.07 47.54 46.1 46.57 45.12 45.61 44.15 44.64 43.17 43.68 42.2 42.72 41.23 41.76 40.26 40.8 39.29 39.85 38.33 38.9 37.36 37.95 36.4 37.0 12.08 11.4 11.18 10.44 100.42 99.04 34.48 32.76 163.37 161.7 113.85 112.29 63.6 62.43 69.63 70.09 78.72 77.88 119.33 118.88 102.96 101.13 135.8 134.2 17.8 16.28 20.12 19.31 0.0 2.0 101.18 99.18 86.83 86.58 111.52 109.99 30.87 32.7 77.39 75.58 57.87 55.97 107.42 106.25 12.81 14.14 42.01 40.01 113.09 113.85 75.17 73.5 81.54 80.45 
57.56 57.87 56.57 56.89 55.58 55.9 54.59 54.92 53.6 53.94 52.61 52.95 51.62 51.97 50.64 50.99 49.65 50.01 48.66 49.03 47.68 48.05 46.69 47.07 45.71 46.1 44.72 45.12 43.74 44.15 42.76 43.17 41.77 42.2 40.79 41.23 39.81 40.26 38.83 39.29 37.85 38.33 36.88 37.36 35.9 36.4 13.04 12.08 12.21 11.18 101.86 100.5 33.54 31.76 164.47 162.81 115.11 113.57 65.22 64.07 69.23 69.63 80.53 79.71 119.82 119.33 104.79 102.96 137.0 135.42 19.42 17.8 21.1 20.12 2.0 0.0 103.17 101.18 87.13 86.83 113.07 111.52 30.08 31.95 79.2 77.39 59.77 57.87 109.04 107.9 11.31 12.81 42.01 40.01 114.95 115.69 76.85 75.17 82.66 81.54 
122.16 123.98 121.74 123.57 121.33 123.17 120.93 122.77 120.54 122.38 120.15 122.0 119.77 121.63 119.4 121.26 119.04 120.9 118.68 120.55 118.33 120.21 117.99 119.87 117.65 119.54 117.32 119.22 117.0 118.9 116.69 118.6 116.39 118.3 116.09 118.0 115.8 117.72 115.52 117.44 115.25 117.18 114.98 116.91 114.73 116.66 96.13 98.13 96.08 98.08 70.26 68.45 120.42 120.03 131.55 129.56 88.26 86.38 59.36 58.31 131.53 133.3 41.04 39.7 132.02 133.14 36.67 37.11 104.92 102.96 88.65 90.61 95.08 97.02 101.18 103.17 0.0 2.0 119.67 121.17 66.71 67.19 118.96 119.55 49.82 51.09 51.88 53.67 58.69 56.75 111.88 112.15 108.17 107.52 48.17 50.16 51.66 53.15 83.55 84.9 
120.34 122.16 119.92 121.74 119.51 121.33 119.1 120.93 118.7 120.54 118.31 120.15 117.92 119.77 117.55 119.4 117.18 119.04 116.81 118.68 116.46 118.33 116.11 117.99 115.77 117.65 115.43 117.32 115.11 117.0 114.79 116.69 114.48 116.39 114.18 116.09 113.89 115.8 113.6 115.52 113.32 115.25 113.05 114.98 112.79 114.73 94.13 96.13 94.09 96.08 69.46 67.62 118.46 118.07 131.38 129.39 87.6 85.7 57.69 56.6 129.77 131.53 39.6 38.21 130.92 132.02 36.35 36.67 104.56 102.59 86.68 88.65 93.15 95.08 99.18 101.18 2.0 0.0 118.19 119.67 66.29 66.71 117.05 117.64 48.6 49.82 50.12 51.88 58.25 56.29 109.9 110.17 106.28 105.62 48.37 50.36 50.21 51.66 82.22 83.55 
36.4 37.64 37.2 38.42 38.01 39.2 38.83 40.0 39.66 40.8 40.5 41.62 41.34 42.44 42.19 43.27 43.05 44.1 43.91 44.94 44.78 45.79 45.65 46.65 46.53 47.51 47.41 48.37 48.3 49.24 49.19 50.12 50.09 51.0 50.99 51.88 51.89 52.77 52.8 53.67 53.71 54.56 54.63 55.46 55.54 56.36 75.33 75.54 76.32 76.53 62.1 62.64 63.06 64.85 92.36 91.27 59.08 59.01 61.85 63.41 32.45 34.13 78.64 79.98 34.0 33.11 93.06 91.3 72.73 72.12 97.02 97.0 104.04 104.12 86.83 87.13 119.67 118.19 0.0 2.0 75.5 73.55 116.71 118.66 132.38 131.52 112.54 111.79 78.45 79.06 96.54 98.49 45.88 47.8 158.22 159.84 68.01 66.53 37.59 35.85 
35.23 36.4 36.06 37.2 36.89 38.01 37.74 38.83 38.59 39.66 39.45 40.5 40.31 41.34 41.18 42.19 42.06 43.05 42.94 43.91 43.83 44.78 44.72 45.65 45.62 46.53 46.52 47.41 47.42 48.3 48.33 49.19 49.24 50.09 50.16 50.99 51.08 51.89 52.0 52.8 52.92 53.71 53.85 54.63 54.78 55.54 75.17 75.33 76.16 76.32 64.03 64.56 62.17 63.98 94.03 92.96 61.07 61.01 63.13 64.66 30.81 32.45 80.16 81.47 34.99 34.0 94.83 93.06 74.63 74.04 97.08 97.02 104.0 104.04 86.58 86.83 121.17 119.67 2.0 0.0 77.47 75.5 116.3 118.26 133.27 132.38 113.32 112.54 80.36 80.96 96.1 98.06 45.35 47.3 159.4 161.01 69.53 68.01 39.36 37.59 
97.02 98.99 97.16 99.14 97.32 99.3 97.49 99.46 97.67 99.64 97.86 99.82 98.06 100.02 98.27 100.22 98.49 100.44 98.72 100.66 98.95 100.9 99.2 101.14 99.46 101.39 99.72 101.65 100.0 101.92 100.28 102.2 100.58 102.49 100.88 102.79 101.19 103.09 101.51 103.41 101.84 103.73 102.18 104.06 102.53 104.4 100.8 102.42 101.4 103.0 14.04 14.32 110.86 111.62 66.07 64.07 23.43 21.93 48.1 49.5 101.04 103.04 39.92 41.79 73.41 75.0 30.08 29.61 38.33 36.35 109.12 110.45 117.69 119.0 111.52 113.07 66.71 66.29 75.5 77.47 0.0 2.0 140.01 141.43 105.22 105.55 94.24 94.92 8.06 10.05 124.33 125.61 91.71 92.36 114.59 116.56 37.8 39.05 41.11 43.1 
95.04 97.02 95.19 97.16 95.35 97.32 95.52 97.49 95.71 97.67 95.9 97.86 96.1 98.06 96.32 98.27 96.54 98.49 96.77 98.72 97.02 98.95 97.27 99.2 97.53 99.46 97.8 99.72 98.08 100.0 98.37 100.28 98.67 100.58 98.98 100.88 99.3 101.19 99.62 101.51 99.96 101.84 100.3 102.18 100.66 102.53 99.2 100.8 99.81 101.4 12.04 12.37 109.0 109.77 66.19 64.2 22.2 20.62 46.67 48.1 99.05 101.04 39.22 41.11 71.84 73.41 30.68 30.08 38.12 36.12 107.81 109.12 116.39 117.69 109.99 111.52 67.19 66.71 73.55 75.5 2.0 0.0 138.6 140.04 104.94 105.22 93.61 94.24 8.54 10.44 122.79 124.08 89.81 90.48 114.93 116.9 36.62 37.8 39.12 41.11 
85.05 85.01 84.05 84.01 83.05 83.01 82.05 82.01 81.06 81.01 80.06 80.01 79.06 79.01 78.06 78.01 77.06 77.01 76.06 76.01 75.06 75.01 74.06 74.01 73.06 73.01 72.06 72.01 71.06 71.01 70.06 70.01 69.07 69.01 68.07 68.01 67.07 67.01 66.07 66.01 65.07 65.01 64.07 64.01 63.07 63.01 42.95 42.15 42.05 41.23 129.73 128.22 58.14 56.14 193.98 192.28 144.03 142.41 91.93 90.51 96.02 96.08 104.4 103.23 149.72 149.19 127.86 126.19 166.15 164.5 31.91 30.23 24.17 22.36 30.87 30.08 118.96 117.05 116.71 116.3 140.01 138.6 0.0 2.0 83.15 81.15 68.73 66.75 135.21 133.87 20.22 18.25 71.02 69.05 118.83 119.08 102.65 101.18 112.16 111.14 
87.05 87.01 86.05 86.01 85.05 85.01 84.05 84.01 83.05 83.01 82.05 82.01 81.06 81.01 80.06 80.01 79.06 79.01 78.06 78.01 77.06 77.01 76.06 76.01 75.06 75.01 74.06 74.01 73.06 73.01 72.06 72.01 71.06 71.01 70.06 70.01 69.07 69.01 68.07 68.01 67.07 67.01 66.07 66.01 65.07 65.01 44.78 44.01 43.86 43.08 131.24 129.73 60.13 58.14 195.69 193.98 145.66 144.03 93.38 91.93 98.02 98.08 105.6 104.4 151.65 151.12 128.97 127.31 167.8 166.15 33.02 31.4 25.06 23.32 32.7 31.95 119.55 117.64 118.66 118.26 141.43 140.04 2.0 0.0 83.05 81.06 69.05 67.08 136.56 135.21 22.2 20.22 72.99 71.02 118.61 118.83 104.0 102.55 113.88 112.87 
120.42 121.75 119.67 121.02 118.93 120.28 118.19 119.55 117.46 118.83 116.73 118.11 116.0 117.39 115.28 116.67 114.56 115.97 113.85 115.26 113.14 114.56 112.43 113.86 111.73 113.17 111.04 112.49 110.34 111.8 109.66 111.13 108.98 110.45 108.3 109.79 107.63 109.12 106.96 108.47 106.3 107.81 105.65 107.17 105.0 106.53 78.49 80.16 77.94 79.61 103.02 101.02 107.42 106.25 171.06 169.07 122.0 120.0 73.5 71.57 132.01 133.3 67.01 65.01 154.81 155.36 78.75 78.16 142.43 140.43 60.17 62.03 62.82 64.76 77.39 79.2 49.82 48.6 132.38 133.27 105.22 104.94 83.15 83.05 0.0 2.0 21.21 22.67 97.49 95.52 83.82 83.24 103.28 101.83 36.14 36.69 74.33 74.55 104.05 104.55 
119.1 120.42 118.34 119.67 117.59 118.93 116.85 118.19 116.1 117.46 115.36 116.73 114.63 116.0 113.9 115.28 113.17 114.56 112.45 113.85 111.73 113.14 111.02 112.43 110.31 111.73 109.6 111.04 108.9 110.34 108.21 109.66 107.52 108.98 106.83 108.3 106.15 107.63 105.48 106.96 104.8 106.3 104.14 105.65 103.48 105.0 76.84 78.49 76.28 77.94 103.08 101.08 105.8 104.62 171.29 169.31 122.04 120.04 73.01 71.06 130.73 132.01 67.07 65.07 154.28 154.81 79.38 78.75 142.59 140.6 58.31 60.17 60.88 62.82 75.58 77.39 51.09 49.82 131.52 132.38 105.55 105.22 81.15 81.06 2.0 0.0 19.85 21.21 97.86 95.9 81.91 81.32 101.91 100.45 38.08 38.6 74.17 74.33 103.59 104.05 
99.25 100.57 98.49 99.82 97.74 99.09 97.0 98.35 96.26 97.62 95.52 96.9 94.79 96.18 94.07 95.46 93.35 94.75 92.63 94.05 91.92 93.35 91.22 92.66 90.52 91.97 89.83 91.29 89.14 90.61 88.46 89.94 87.78 89.27 87.11 88.62 86.45 87.97 85.8 87.32 85.15 86.68 84.5 86.05 83.87 85.43 57.8 59.54 57.31 59.06 89.63 87.66 86.53 85.44 158.69 156.73 108.19 106.21 56.14 54.15 110.89 112.16 54.41 52.5 136.69 137.1 71.56 70.49 129.63 127.68 41.59 43.57 46.0 48.0 57.87 59.77 51.88 50.12 112.54 113.32 94.24 93.61 68.73 69.05 21.21 19.85 0.0 2.0 87.09 85.23 65.76 65.49 82.07 80.62 55.46 56.36 59.54 59.3 86.58 86.83 
97.95 99.25 97.19 98.49 96.43 97.74 95.67 97.0 94.92 96.26 94.18 95.52 93.43 94.79 92.7 94.07 91.97 93.35 91.24 92.63 90.52 91.92 89.81 91.22 89.1 90.52 88.39 89.83 87.69 89.14 87.0 88.46 86.31 87.78 85.63 87.11 84.96 86.45 84.29 85.8 83.63 85.15 82.98 84.5 82.33 83.87 56.08 57.8 55.57 57.31 90.03 88.07 84.88 83.76 159.13 157.18 108.5 106.53 56.04 54.04 109.64 110.89 55.03 53.14 136.31 136.69 72.67 71.56 130.05 128.1 39.62 41.59 44.0 46.0 55.97 57.87 53.67 51.88 111.79 112.54 94.92 94.24 66.75 67.08 22.67 21.21 2.0 0.0 87.85 86.01 63.79 63.51 80.72 79.25 57.27 58.14 59.84 59.54 86.37 86.58 
97.19 99.18 97.25 99.25 97.33 99.32 97.42 99.41 97.51 99.5 97.62 99.61 97.74 99.72 97.87 99.85 98.01 99.98 98.15 100.13 98.31 100.28 98.48 100.45 98.66 100.62 98.84 100.81 99.04 101.0 99.25 101.2 99.46 101.41 99.69 101.64 99.92 101.87 100.17 102.11 100.42 102.36 100.69 102.62 100.96 102.88 97.1 98.79 97.64 99.32 16.55 15.81 109.11 109.73 74.03 72.03 30.53 28.84 43.83 45.0 102.12 104.12 33.12 34.89 79.31 80.81 22.14 21.59 46.39 44.41 103.95 105.36 112.45 113.85 107.42 109.04 58.69 58.25 78.45 80.36 8.06 8.54 135.21 136.56 97.49 97.86 87.09 87.85 0.0 2.0 120.21 121.4 90.47 90.96 106.53 108.5 32.56 34.06 42.3 44.28 
97.08 99.08 97.13 99.13 97.19 99.18 97.25 99.25 97.33 99.32 97.42 99.41 97.51 99.5 97.62 99.61 97.74 99.72 97.87 99.85 98.01 99.98 98.15 100.13 98.31 100.28 98.48 100.45 98.66 100.62 98.84 100.81 99.04 101.0 99.25 101.2 99.46 101.41 99.69 101.64 99.92 101.87 100.17 102.11 100.42 102.36 96.04 97.75 96.57 98.27 17.49 16.55 108.52 109.11 76.03 74.03 32.25 30.53 42.72 43.83 102.24 104.24 31.38 33.12 80.66 82.13 20.25 19.65 48.37 46.39 102.53 103.97 111.02 112.43 106.25 107.9 56.75 56.29 79.06 80.96 10.05 10.44 133.87 135.21 95.52 95.9 85.23 86.01 2.0 0.0 119.04 120.21 90.03 90.47 104.56 106.53 31.24 32.8 42.58 44.55 
65.0 65.03 64.0 64.03 63.0 63.03 62.0 62.03 61.0 61.03 60.0 60.03 59.0 59.03 58.0 58.03 57.0 57.04 56.0 56.04 55.0 55.04 54.0 54.04 53.0 53.04 52.0 52.04 51.0 51.04 50.0 50.04 49.0 49.04 48.0 48.04 47.0 47.04 46.0 46.04 45.0 45.04 44.0 44.05 43.0 43.05 24.21 23.02 23.43 22.2 113.17 111.8 38.64 36.67 175.57 173.93 126.37 124.84 76.4 75.21 76.16 76.32 91.24 90.34 129.69 129.12 115.39 113.6 148.22 146.65 24.19 22.2 21.47 19.72 12.81 11.31 111.88 109.9 96.54 96.1 124.33 122.79 20.22 22.2 83.82 81.91 65.76 63.79 120.21 119.04 0.0 2.0 50.8 48.84 119.92 120.5 87.92 86.27 93.81 92.66 
67.0 67.03 66.0 66.03 65.0 65.03 64.0 64.03 63.0 63.03 62.0 62.03 61.0 61.03 60.0 60.03 59.0 59.03 58.0 58.03 57.0 57.04 56.0 56.04 55.0 55.04 54.0 54.04 53.0 53.04 52.0 52.04 51.0 51.04 50.0 50.04 49.0 49.04 48.0 48.04 47.0 47.04 46.0 46.04 45.0 45.04 25.81 24.7 25.0 23.85 114.56 113.17 40.61 38.64 177.23 175.57 127.91 126.37 77.62 76.4 78.16 78.31 92.18 91.24 131.61 131.04 116.28 114.49 149.81 148.22 24.02 22.02 20.62 18.79 14.14 12.81 112.15 110.17 98.49 98.06 125.61 124.08 18.25 20.22 83.24 81.32 65.49 63.51 121.4 120.21 2.0 0.0 52.77 50.8 119.37 119.92 89.05 87.42 95.44 94.3 
17.49 18.6 16.64 17.8 15.81 17.03 15.0 16.28 14.21 15.56 13.45 14.87 12.73 14.21 12.04 13.6 11.4 13.04 10.82 12.53 10.3 12.08 9.85 11.7 9.49 11.4 9.22 11.18 9.06 11.05 9.0 11.0 9.06 11.05 9.22 11.18 9.49 11.4 9.85 11.7 10.3 12.08 10.82 12.53 11.4 13.04 31.58 31.26 32.56 32.25 78.19 77.49 20.0 21.26 130.86 129.42 85.98 84.91 52.15 52.35 29.53 30.53 72.44 72.69 79.48 78.77 95.0 93.0 105.89 104.64 55.08 54.57 60.83 60.53 42.01 42.01 108.17 106.28 45.88 45.35 91.71 89.81 71.02 72.99 103.28 101.91 82.07 80.72 90.47 90.03 50.8 52.77 0.0 2.0 135.25 136.5 64.01 62.01 52.84 51.11 
19.24 20.25 18.36 19.42 17.49 18.6 16.64 17.8 15.81 17.03 15.0 16.28 14.21 15.56 13.45 14.87 12.73 14.21 12.04 13.6 11.4 13.04 10.82 12.53 10.3 12.08 9.85 11.7 9.49 11.4 9.22 11.18 9.06 11.05 9.0 11.0 9.06 11.05 9.22 11.18 9.49 11.4 9.85 11.7 10.3 12.08 29.61 29.27 30.59 30.27 78.92 78.19 18.87 20.0 132.32 130.86 87.09 85.98 52.04 52.15 31.3 32.25 72.25 72.44 81.34 80.65 95.02 93.02 107.17 105.89 53.16 52.63 58.86 58.55 40.01 40.01 107.52 105.62 47.8 47.3 92.36 90.48 69.05 71.02 101.83 100.45 80.62 79.25 90.96 90.47 48.84 50.8 2.0 0.0 134.01 135.25 64.01 62.01 53.85 52.15 
151.74 153.26 151.09 152.62 150.45 151.98 149.8 151.34 149.16 150.71 148.53 150.08 147.9 149.46 147.27 148.84 146.65 148.22 146.03 147.61 145.42 147.0 144.81 146.4 144.2 145.8 143.6 145.21 143.0 144.62 142.41 144.03 141.82 143.45 141.24 142.87 140.66 142.3 140.09 141.74 139.52 141.17 138.96 140.62 138.4 140.06 113.18 114.95 112.71 114.49 116.76 114.84 141.66 140.66 179.71 177.72 135.34 133.41 96.52 94.87 162.79 164.27 83.26 81.44 175.76 176.65 84.72 85.0 152.9 150.92 96.14 98.03 98.95 100.9 113.09 114.95 48.17 48.37 158.22 159.4 114.59 114.93 118.83 118.61 36.14 38.08 55.46 57.27 106.53 104.56 119.92 119.37 135.25 134.01 0.0 2.0 93.02 93.94 125.3 126.27 
153.06 154.56 152.4 153.91 151.74 153.26 151.09 152.62 150.45 151.98 149.8 151.34 149.16 150.71 148.53 150.08 147.9 149.46 147.27 148.84 146.65 148.22 146.03 147.61 145.42 147.0 144.81 146.4 144.2 145.8 143.6 145.21 143.0 144.62 142.41 144.03 141.82 143.45 141.24 142.87 140.66 142.3 140.09 141.74 139.52 141.17 114.13 115.88 113.65 115.41 118.68 116.76 142.69 141.66 181.71 179.71 137.28 135.34 98.18 96.52 164.15 165.61 85.09 83.26 177.56 178.44 86.7 86.98 154.87 152.9 96.8 98.68 99.46 101.39 113.85 115.69 50.16 50.36 159.84 161.01 116.56 116.9 119.08 118.83 36.69 38.6 56.36 58.14 108.5 106.53 120.5 119.92 136.5 135.25 2.0 0.0 94.81 95.71 127.06 128.02 
74.73 76.69 74.53 76.49 74.33 76.3 74.15 76.12 73.98 75.95 73.82 75.8 73.68 75.66 73.55 75.54 73.44 75.43 73.33 75.33 73.25 75.24 73.17 75.17 73.11 75.11 73.06 75.06 73.03 75.03 73.01 75.01 73.0 75.0 73.01 75.01 73.03 75.03 73.06 75.06 73.11 75.11 73.17 75.17 73.25 75.24 65.3 67.08 65.76 67.54 30.36 28.46 80.75 81.05 99.46 97.53 48.66 46.69 12.37 13.0 82.54 84.43 10.63 12.04 82.76 83.63 31.02 29.02 70.34 68.41 71.45 72.84 79.98 81.34 75.17 76.85 51.66 50.21 68.01 69.53 37.8 36.62 102.65 104.0 74.33 74.17 59.54 59.84 32.56 31.24 87.92 89.05 64.01 64.01 93.02 94.81 0.0 2.0 32.45 33.6 
72.78 74.73 72.57 74.53 72.37 74.33 72.18 74.15 72.01 73.98 71.85 73.82 71.7 73.68 71.57 73.55 71.45 73.44 71.34 73.33 71.25 73.25 71.18 73.17 71.11 73.11 71.06 73.06 71.03 73.03 71.01 73.01 71.0 73.0 71.01 73.01 71.03 73.03 71.06 73.06 71.11 73.11 71.18 73.17 71.25 73.25 63.53 65.3 64.01 65.76 31.02 29.15 78.77 79.08 100.0 98.08 49.03 47.07 10.44 11.18 80.65 82.54 12.21 13.45 81.94 82.76 33.02 31.02 70.88 68.96 70.09 71.45 78.64 79.98 73.5 75.17 53.15 51.66 66.53 68.01 39.05 37.8 101.18 102.55 74.55 74.33 59.3 59.54 34.06 32.8 86.27 87.42 62.01 62.01 93.94 95.71 2.0 0.0 31.38 32.45 
56.09 58.05 56.29 58.25 56.52 58.46 56.75 58.69 57.01 58.94 57.28 59.2 57.57 59.48 57.87 59.77 58.19 60.08 58.52 60.41 58.87 60.75 59.24 61.1 59.62 61.47 60.01 61.85 60.42 62.24 60.84 62.65 61.27 63.07 61.72 63.51 62.18 63.95 62.65 64.41 63.13 64.88 63.63 65.37 64.14 65.86 69.63 70.8 70.46 71.61 27.07 27.0 72.72 73.78 81.84 80.16 33.42 32.2 30.59 32.56 60.0 62.0 42.8 44.41 50.92 51.62 55.47 53.71 54.56 53.08 84.86 85.62 93.23 94.02 81.54 82.66 83.55 82.22 37.59 39.36 41.11 39.12 112.16 113.88 104.05 103.59 86.58 86.37 42.3 42.58 93.81 95.44 52.84 53.85 125.3 127.06 32.45 31.38 0.0 2.0 
54.13 56.09 54.34 56.29 54.57 56.52 54.82 56.75 55.08 57.01 55.36 57.28 55.66 57.57 55.97 57.87 56.3 58.19 56.65 58.52 57.01 58.87 57.38 59.24 57.78 59.62 58.18 60.01 58.6 60.42 59.03 60.84 59.48 61.27 59.94 61.72 60.42 62.18 60.9 62.65 61.4 63.13 61.91 63.63 62.43 64.14 68.51 69.63 69.34 70.46 29.07 29.0 71.02 72.11 82.93 81.27 35.0 33.84 31.05 32.98 58.0 60.0 44.05 45.61 50.29 50.92 57.25 55.47 55.9 54.45 84.15 84.86 92.48 93.23 80.45 81.54 84.9 83.55 35.85 37.59 43.1 41.11 111.14 112.87 104.55 104.05 86.83 86.58 44.28 44.55 92.66 94.3 51.11 52.15 126.27 128.02 33.6 32.45 2.0 0.0 
