286
48
88 41
88 43
89 41
89 43
90 41
90 43
91 41
91 43
92 41
92 43
93 41
93 43
94 41
94 43
95 41
95 43
96 41
96 43
97 41
97 43
98 41
98 43
259 28
259 30
260 28
260 30
261 28
261 30
279 5
281 5
279 6
281 6
279 7
281 7
279 8
281 8
204 47
204 49
205 47
205 49
206 47
206 49
207 47
207 49
208 47
208 49
75 10
75 12
271 29
273 29
203 22
205 22
203 23
205 23
149 38
151 38
146 34
146 36
14 10
16 10
66 32
68 32
207 4
207 6
52 27
52 29
237 44
239 44
86 28
86 30
179 1
181 1
169 26
171 26
286 36
288 36
208 15
210 15
242 18
244 18
90 16
92 16
190 35
190 37
114 47
114 49
46 40
46 42
234 39
236 39
15 26
15 28
0 2
0 4
155 35
157 35
76 19
78 19
115 30
115 32
74 46
76 46
167 36
169 36
219 19
219 21
251 4
253 4
162 34
164 34
20 28
22 28
79 23
79 25
204 38
204 40
275 8
277 8
30 32
32 32
72 2
72 4
214 10
216 10
144 39
146 39
130 30
132 30
144 38
144 40
213 26
215 26
78 5
80 5
23 24
25 24
49 21
49 23
131 19
133 19
219 6
221 6
256 25
258 25
35 18
37 18
86 39
86 41
281 28
281 30
