28
218
13 47
13 49
14 47
14 49
15 47
15 49
16 47
16 49
17 47
17 49
18 47
18 49
19 47
19 49
20 47
20 49
21 47
21 49
22 47
22 49
23 47
23 49
24 47
24 49
25 47
25 49
26 47
26 49
27 47
27 49
28 47
28 49
29 47
29 49
30 47
30 49
31 47
31 49
32 47
32 49
33 47
33 49
34 47
34 49
35 47
35 49
36 47
36 49
37 47
37 49
38 47
38 49
39 47
39 49
40 47
40 49
41 47
41 49
42 47
42 49
43 47
43 49
44 47
44 49
45 47
45 49
46 47
46 49
47 47
47 49
48 47
48 49
49 47
49 49
50 47
50 49
51 47
51 49
21 117
23 117
21 118
23 118
27 188
27 190
28 188
28 190
29 188
29 190
30 188
30 190
31 188
31 190
13 100
15 100
21 171
21 173
6 217
6 219
7 217
7 219
8 217
8 219
9 217
9 219
10 217
10 219
11 217
11 219
12 154
12 156
13 154
13 156
25 134
25 136
17 48
17 50
18 119
18 121
28 60
28 62
18 10
20 10
22 123
24 123
10 93
12 93
6 114
8 114
25 170
27 170
8 199
8 201
25 114
27 114
2 141
4 141
2 192
4 192
21 212
23 212
21 209
23 209
3 138
3 140
23 175
23 177
20 202
20 204
23 70
25 70
