58
81
8 18
10 18
8 19
10 19
8 20
10 20
8 21
10 21
8 22
10 22
8 23
10 23
8 24
10 24
8 25
10 25
8 26
10 26
8 27
10 27
8 28
10 28
8 29
10 29
8 30
10 30
8 31
10 31
8 32
10 32
8 33
10 33
8 34
10 34
8 35
10 35
8 36
10 36
8 37
10 37
8 38
10 38
8 39
10 39
8 40
10 40
8 41
10 41
8 42
10 42
8 43
10 43
8 44
10 44
8 45
10 45
8 46
10 46
8 47
10 47
8 48
10 48
8 49
10 49
8 50
10 50
8 51
10 51
8 52
10 52
8 53
10 53
8 54
10 54
14 31
14 33
15 31
15 33
16 31
16 33
17 31
17 33
18 31
18 33
19 31
19 33
20 31
20 33
21 31
21 33
22 31
22 33
23 31
23 33
42 39
44 39
42 40
44 40
38 18
38 20
