174
185
167 183
167 185
168 183
168 185
169 183
169 185
170 183
170 185
171 183
171 185
172 183
172 185
173 183
173 185
174 183
174 185
175 183
175 185
176 183
176 185
177 183
177 185
178 183
178 185
94 50
94 52
95 50
95 52
96 50
96 52
97 50
97 52
98 50
98 52
99 50
99 52
100 50
100 52
101 50
101 52
102 50
102 52
103 50
103 52
104 50
104 52
173 86
173 88
174 86
174 88
175 86
175 88
176 86
176 88
177 86
177 88
35 104
37 104
35 105
37 105
35 106
37 106
35 107
37 107
35 108
37 108
35 109
37 109
42 167
44 167
42 168
44 168
54 104
56 104
54 105
56 105
104 72
106 72
23 29
25 29
64 164
64 166
110 130
112 130
108 117
110 117
60 69
60 71
135 171
135 173
93 181
95 181
173 139
175 139
20 181
22 181
104 130
106 130
23 102
23 104
101 128
101 130
165 51
167 51
112 39
112 41
115 25
117 25
42 125
44 125
8 163
10 163
34 105
34 107
70 130
72 130
17 1
19 1
34 6
34 8
168 44
170 44
159 85
161 85
111 135
113 135
58 182
60 182
93 24
93 26
159 183
161 183
141 36
141 38
135 110
137 110
157 71
159 71
87 35
89 35
141 124
143 124
154 57
156 57
18 92
18 94
146 93
146 95
142 125
142 127
