89
73
52 7
54 7
70 17
70 19
3 69
3 71
5 6
7 6
61 47
63 47
14 33
16 33
72 46
72 48
65 69
65 71
7 51
9 51
67 63
69 63
74 40
76 40
3 14
5 14
18 29
20 29
57 35
59 35
22 66
22 68
43 50
45 50
71 60
73 60
8 60
10 60
12 56
12 58
73 47
75 47
52 53
52 55
51 45
53 45
69 39
69 41
17 65
19 65
41 42
43 42
8 13
8 15
16 22
18 22
23 67
23 69
67 36
69 36
20 41
20 43
9 70
9 72
31 57
33 57
86 69
88 69
32 14
34 14
23 4
23 6
87 50
89 50
16 0
16 2
45 24
47 24
61 38
63 38
48 1
50 1
12 19
12 21
37 40
39 40
14 4
14 6
12 35
12 37
77 22
77 24
84 71
84 73
9 15
9 17
3 58
5 58
46 28
46 30
69 42
71 42
