47
119
25 98
27 98
25 99
27 99
25 100
27 100
25 101
27 101
25 102
27 102
17 40
19 40
17 41
19 41
17 42
19 42
17 43
19 43
17 44
19 44
17 45
19 45
17 46
19 46
17 47
19 47
17 48
19 48
17 49
19 49
17 50
19 50
17 51
19 51
17 52
19 52
17 53
19 53
17 54
19 54
17 55
19 55
17 56
19 56
17 57
19 57
17 58
19 58
17 59
19 59
17 60
19 60
17 61
19 61
17 62
19 62
17 63
19 63
17 64
19 64
17 65
19 65
17 66
19 66
17 67
19 67
17 68
19 68
17 69
19 69
17 70
19 70
17 71
19 71
17 72
19 72
17 73
19 73
17 74
19 74
17 75
19 75
17 76
19 76
17 77
19 77
17 78
19 78
31 109
31 111
32 109
32 111
12 64
12 66
10 89
10 91
45 67
45 69
4 16
6 16
