85
72
73 48
75 48
73 49
75 49
73 50
75 50
73 51
75 51
73 52
75 52
73 53
75 53
73 54
75 54
73 55
75 55
73 56
75 56
73 57
75 57
73 58
75 58
73 59
75 59
73 60
75 60
73 61
75 61
73 62
75 62
73 63
75 63
73 64
75 64
73 65
75 65
73 66
75 66
73 67
75 67
73 68
75 68
73 69
75 69
47 18
49 18
47 19
49 19
47 20
49 20
47 21
49 21
47 22
49 22
47 23
49 23
47 24
49 24
47 25
49 25
47 26
49 26
47 27
49 27
60 56
62 56
60 57
62 57
60 58
62 58
60 59
62 59
60 60
62 60
44 28
44 30
55 72
57 72
55 73
57 73
68 4
70 4
14 6
16 6
85 44
85 46
31 52
33 52
57 15
59 15
69 11
71 11
6 71
8 71
53 7
55 7
70 32
70 34
23 61
23 63
