100
0.0 2.0 1.0 2.24 2.0 2.83 3.0 3.61 4.0 4.47 58.55 58.31 57.56 57.31 56.57 56.32 55.58 55.33 54.59 54.33 53.6 53.34 52.61 52.35 51.62 51.35 50.64 50.36 49.65 49.37 48.66 48.37 47.68 47.38 46.69 46.39 45.71 45.4 44.72 44.41 43.74 43.42 42.76 42.43 41.77 41.44 40.79 40.45 39.81 39.46 38.83 38.47 37.85 37.48 36.88 36.5 35.9 35.51 34.93 34.53 33.96 33.54 32.98 32.56 32.02 31.58 31.05 30.59 30.08 29.61 29.12 28.64 28.16 27.66 27.2 26.68 26.25 25.71 25.3 24.74 24.35 23.77 23.41 22.8 22.47 21.84 21.54 20.88 12.53 14.32 13.04 14.76 36.4 34.54 17.49 16.55 36.89 35.23 84.65 84.17 
2.0 0.0 2.24 1.0 2.83 2.0 3.61 3.0 4.47 4.0 58.86 58.55 57.87 57.56 56.89 56.57 55.9 55.58 54.92 54.59 53.94 53.6 52.95 52.61 51.97 51.62 50.99 50.64 50.01 49.65 49.03 48.66 48.05 47.68 47.07 46.69 46.1 45.71 45.12 44.72 44.15 43.74 43.17 42.76 42.2 41.77 41.23 40.79 40.26 39.81 39.29 38.83 38.33 37.85 37.36 36.88 36.4 35.9 35.44 34.93 34.48 33.96 33.53 32.98 32.57 32.02 31.62 31.05 30.68 30.08 29.73 29.12 28.79 28.16 27.86 27.2 26.93 26.25 26.0 25.3 25.08 24.35 24.17 23.41 23.26 22.47 22.36 21.54 11.7 13.6 12.08 13.93 37.16 35.34 19.24 18.38 35.85 34.13 85.16 84.65 
1.0 2.24 0.0 2.0 1.0 2.24 2.0 2.83 3.0 3.61 59.54 59.3 58.55 58.31 57.56 57.31 56.57 56.32 55.58 55.33 54.59 54.33 53.6 53.34 52.61 52.35 51.62 51.35 50.64 50.36 49.65 49.37 48.66 48.37 47.68 47.38 46.69 46.39 45.71 45.4 44.72 44.41 43.74 43.42 42.76 42.43 41.77 41.44 40.79 40.45 39.81 39.46 38.83 38.47 37.85 37.48 36.88 36.5 35.9 35.51 34.93 34.53 33.96 33.54 32.98 32.56 32.02 31.58 31.05 30.59 30.08 29.61 29.12 28.64 28.16 27.66 27.2 26.68 26.25 25.71 25.3 24.74 24.35 23.77 23.41 22.8 22.47 21.84 11.66 13.42 12.21 13.89 37.34 35.47 18.03 17.0 37.74 36.06 85.62 85.15 
2.24 1.0 2.0 0.0 2.24 1.0 2.83 2.0 3.61 3.0 59.84 59.54 58.86 58.55 57.87 57.56 56.89 56.57 55.9 55.58 54.92 54.59 53.94 53.6 52.95 52.61 51.97 51.62 50.99 50.64 50.01 49.65 49.03 48.66 48.05 47.68 47.07 46.69 46.1 45.71 45.12 44.72 44.15 43.74 43.17 42.76 42.2 41.77 41.23 40.79 40.26 39.81 39.29 38.83 38.33 37.85 37.36 36.88 36.4 35.9 35.44 34.93 34.48 33.96 33.53 32.98 32.57 32.02 31.62 31.05 30.68 30.08 29.73 29.12 28.79 28.16 27.86 27.2 26.93 26.25 26.0 25.3 25.08 24.35 24.17 23.41 23.26 22.47 10.77 12.65 11.18 13.0 38.08 36.25 19.72 18.79 36.72 34.99 86.13 85.62 
2.0 2.83 1.0 2.24 0.0 2.0 1.0 2.24 2.0 2.83 60.53 60.3 59.54 59.3 58.55 58.31 57.56 57.31 56.57 56.32 55.58 55.33 54.59 54.33 53.6 53.34 52.61 52.35 51.62 51.35 50.64 50.36 49.65 49.37 48.66 48.37 47.68 47.38 46.69 46.39 45.71 45.4 44.72 44.41 43.74 43.42 42.76 42.43 41.77 41.44 40.79 40.45 39.81 39.46 38.83 38.47 37.85 37.48 36.88 36.5 35.9 35.51 34.93 34.53 33.96 33.54 32.98 32.56 32.02 31.58 31.05 30.59 30.08 29.61 29.12 28.64 28.16 27.66 27.2 26.68 26.25 25.71 25.3 24.74 24.35 23.77 23.41 22.8 10.82 12.53 11.4 13.04 38.28 36.4 18.6 17.49 38.59 36.89 86.59 86.12 
2.83 2.0 2.24 1.0 2.0 0.0 2.24 1.0 2.83 2.0 60.83 60.53 59.84 59.54 58.86 58.55 57.87 57.56 56.89 56.57 55.9 55.58 54.92 54.59 53.94 53.6 52.95 52.61 51.97 51.62 50.99 50.64 50.01 49.65 49.03 48.66 48.05 47.68 47.07 46.69 46.1 45.71 45.12 44.72 44.15 43.74 43.17 42.76 42.2 41.77 41.23 40.79 40.26 39.81 39.29 38.83 38.33 37.85 37.36 36.88 36.4 35.9 35.44 34.93 34.48 33.96 33.53 32.98 32.57 32.02 31.62 31.05 30.68 30.08 29.73 29.12 28.79 28.16 27.86 27.2 26.93 26.25 26.0 25.3 25.08 24.35 24.17 23.41 9.85 11.7 10.3 12.08 39.0 37.16 20.25 19.24 37.59 35.85 87.09 86.59 
3.0 3.61 2.0 2.83 1.0 2.24 0.0 2.0 1.0 2.24 61.52 61.29 60.53 60.3 59.54 59.3 58.55 58.31 57.56 57.31 56.57 56.32 55.58 55.33 54.59 54.33 53.6 53.34 52.61 52.35 51.62 51.35 50.64 50.36 49.65 49.37 48.66 48.37 47.68 47.38 46.69 46.39 45.71 45.4 44.72 44.41 43.74 43.42 42.76 42.43 41.77 41.44 40.79 40.45 39.81 39.46 38.83 38.47 37.85 37.48 36.88 36.5 35.9 35.51 34.93 34.53 33.96 33.54 32.98 32.56 32.02 31.58 31.05 30.59 30.08 29.61 29.12 28.64 28.16 27.66 27.2 26.68 26.25 25.71 25.3 24.74 24.35 23.77 10.0 11.66 10.63 12.21 39.22 37.34 19.21 18.03 39.45 37.74 87.56 87.1 
3.61 3.0 2.83 2.0 2.24 1.0 2.0 0.0 2.24 1.0 61.81 61.52 60.83 60.53 59.84 59.54 58.86 58.55 57.87 57.56 56.89 56.57 55.9 55.58 54.92 54.59 53.94 53.6 52.95 52.61 51.97 51.62 50.99 50.64 50.01 49.65 49.03 48.66 48.05 47.68 47.07 46.69 46.1 45.71 45.12 44.72 44.15 43.74 43.17 42.76 42.2 41.77 41.23 40.79 40.26 39.81 39.29 38.83 38.33 37.85 37.36 36.88 36.4 35.9 35.44 34.93 34.48 33.96 33.53 32.98 32.57 32.02 31.62 31.05 30.68 30.08 29.73 29.12 28.79 28.16 27.86 27.2 26.93 26.25 26.0 25.3 25.08 24.35 8.94 10.77 9.43 11.18 39.92 38.08 20.81 19.72 38.47 36.72 88.06 87.56 
4.0 4.47 3.0 3.61 2.0 2.83 1.0 2.24 0.0 2.0 62.51 62.29 61.52 61.29 60.53 60.3 59.54 59.3 58.55 58.31 57.56 57.31 56.57 56.32 55.58 55.33 54.59 54.33 53.6 53.34 52.61 52.35 51.62 51.35 50.64 50.36 49.65 49.37 48.66 48.37 47.68 47.38 46.69 46.39 45.71 45.4 44.72 44.41 43.74 43.42 42.76 42.43 41.77 41.44 40.79 40.45 39.81 39.46 38.83 38.47 37.85 37.48 36.88 36.5 35.9 35.51 34.93 34.53 33.96 33.54 32.98 32.56 32.02 31.58 31.05 30.59 30.08 29.61 29.12 28.64 28.16 27.66 27.2 26.68 26.25 25.71 25.3 24.74 9.22 10.82 9.9 11.4 40.16 38.28 19.85 18.6 40.31 38.59 88.53 88.07 
4.47 4.0 3.61 3.0 2.83 2.0 2.24 1.0 2.0 0.0 62.8 62.51 61.81 61.52 60.83 60.53 59.84 59.54 58.86 58.55 57.87 57.56 56.89 56.57 55.9 55.58 54.92 54.59 53.94 53.6 52.95 52.61 51.97 51.62 50.99 50.64 50.01 49.65 49.03 48.66 48.05 47.68 47.07 46.69 46.1 45.71 45.12 44.72 44.15 43.74 43.17 42.76 42.2 41.77 41.23 40.79 40.26 39.81 39.29 38.83 38.33 37.85 37.36 36.88 36.4 35.9 35.44 34.93 34.48 33.96 33.53 32.98 32.57 32.02 31.62 31.05 30.68 30.08 29.73 29.12 28.79 28.16 27.86 27.2 26.93 26.25 26.0 25.3 8.06 9.85 8.6 10.3 40.85 39.0 21.4 20.25 39.36 37.59 89.02 88.53 
58.55 58.86 59.54 59.84 60.53 60.83 61.52 61.81 62.51 62.8 0.0 2.0 1.0 2.24 2.0 2.83 3.0 3.61 4.0 4.47 5.0 5.39 6.0 6.32 7.0 7.28 8.0 8.25 9.0 9.22 10.0 10.2 11.0 11.18 12.0 12.17 13.0 13.15 14.0 14.14 15.0 15.13 16.0 16.12 17.0 17.12 18.0 18.11 19.0 19.1 20.0 20.1 21.0 21.1 22.0 22.09 23.0 23.09 24.0 24.08 25.0 25.08 26.0 26.08 27.0 27.07 28.0 28.07 29.0 29.07 30.0 30.07 31.0 31.06 32.0 32.06 33.0 33.06 34.0 34.06 35.0 35.06 36.0 36.06 37.0 37.05 38.0 38.05 70.41 72.37 70.61 72.57 24.52 26.48 49.5 51.48 38.9 40.31 27.29 26.4 
58.31 58.55 59.3 59.54 60.3 60.53 61.29 61.52 62.29 62.51 2.0 0.0 2.24 1.0 2.83 2.0 3.61 3.0 4.47 4.0 5.39 5.0 6.32 6.0 7.28 7.0 8.25 8.0 9.22 9.0 10.2 10.0 11.18 11.0 12.17 12.0 13.15 13.0 14.14 14.0 15.13 15.0 16.12 16.0 17.12 17.0 18.11 18.0 19.1 19.0 20.1 20.0 21.1 21.0 22.09 22.0 23.09 23.0 24.08 24.0 25.08 25.0 26.08 26.0 27.07 27.0 28.07 28.0 29.07 29.0 30.07 30.0 31.06 31.0 32.06 32.0 33.06 33.0 34.06 34.0 35.06 35.0 36.06 36.0 37.05 37.0 38.05 38.0 70.04 72.01 70.21 72.18 25.0 26.93 49.82 51.79 37.48 38.95 28.3 27.29 
57.56 57.87 58.55 58.86 59.54 59.84 60.53 60.83 61.52 61.81 1.0 2.24 0.0 2.0 1.0 2.24 2.0 2.83 3.0 3.61 4.0 4.47 5.0 5.39 6.0 6.32 7.0 7.28 8.0 8.25 9.0 9.22 10.0 10.2 11.0 11.18 12.0 12.17 13.0 13.15 14.0 14.14 15.0 15.13 16.0 16.12 17.0 17.12 18.0 18.11 19.0 19.1 20.0 20.1 21.0 21.1 22.0 22.09 23.0 23.09 24.0 24.08 25.0 25.08 26.0 26.08 27.0 27.07 28.0 28.07 29.0 29.07 30.0 30.07 31.0 31.06 32.0 32.06 33.0 33.06 34.0 34.06 35.0 35.06 36.0 36.06 37.0 37.05 69.43 71.39 69.63 71.59 23.54 25.5 48.51 50.49 38.21 39.6 28.18 27.31 
57.31 57.56 58.31 58.55 59.3 59.54 60.3 60.53 61.29 61.52 2.24 1.0 2.0 0.0 2.24 1.0 2.83 2.0 3.61 3.0 4.47 4.0 5.39 5.0 6.32 6.0 7.28 7.0 8.25 8.0 9.22 9.0 10.2 10.0 11.18 11.0 12.17 12.0 13.15 13.0 14.14 14.0 15.13 15.0 16.12 16.0 17.12 17.0 18.11 18.0 19.1 19.0 20.1 20.0 21.1 21.0 22.09 22.0 23.09 23.0 24.08 24.0 25.08 25.0 26.08 26.0 27.07 27.0 28.07 28.0 29.07 29.0 30.07 30.0 31.06 31.0 32.06 32.0 33.06 33.0 34.06 34.0 35.06 35.0 36.06 36.0 37.05 37.0 69.05 71.02 69.23 71.2 24.04 25.96 48.84 50.8 36.77 38.21 29.15 28.18 
56.57 56.89 57.56 57.87 58.55 58.86 59.54 59.84 60.53 60.83 2.0 2.83 1.0 2.24 0.0 2.0 1.0 2.24 2.0 2.83 3.0 3.61 4.0 4.47 5.0 5.39 6.0 6.32 7.0 7.28 8.0 8.25 9.0 9.22 10.0 10.2 11.0 11.18 12.0 12.17 13.0 13.15 14.0 14.14 15.0 15.13 16.0 16.12 17.0 17.12 18.0 18.11 19.0 19.1 20.0 20.1 21.0 21.1 22.0 22.09 23.0 23.09 24.0 24.08 25.0 25.08 26.0 26.08 27.0 27.07 28.0 28.07 29.0 29.07 30.0 30.07 31.0 31.06 32.0 32.06 33.0 33.06 34.0 34.06 35.0 35.06 36.0 36.06 68.45 70.41 68.66 70.61 22.56 24.52 47.52 49.5 37.54 38.9 29.07 28.23 
56.32 56.57 57.31 57.56 58.31 58.55 59.3 59.54 60.3 60.53 2.83 2.0 2.24 1.0 2.0 0.0 2.24 1.0 2.83 2.0 3.61 3.0 4.47 4.0 5.39 5.0 6.32 6.0 7.28 7.0 8.25 8.0 9.22 9.0 10.2 10.0 11.18 11.0 12.17 12.0 13.15 13.0 14.14 14.0 15.13 15.0 16.12 16.0 17.12 17.0 18.11 18.0 19.1 19.0 20.1 20.0 21.1 21.0 22.09 22.0 23.09 23.0 24.08 24.0 25.08 25.0 26.08 26.0 27.07 27.0 28.07 28.0 29.07 29.0 30.07 30.0 31.06 31.0 32.06 32.0 33.06 33.0 34.06 34.0 35.06 35.0 36.06 36.0 68.07 70.04 68.25 70.21 23.09 25.0 47.85 49.82 36.07 37.48 30.02 29.07 
55.58 55.9 56.57 56.89 57.56 57.87 58.55 58.86 59.54 59.84 3.0 3.61 2.0 2.83 1.0 2.24 0.0 2.0 1.0 2.24 2.0 2.83 3.0 3.61 4.0 4.47 5.0 5.39 6.0 6.32 7.0 7.28 8.0 8.25 9.0 9.22 10.0 10.2 11.0 11.18 12.0 12.17 13.0 13.15 14.0 14.14 15.0 15.13 16.0 16.12 17.0 17.12 18.0 18.11 19.0 19.1 20.0 20.1 21.0 21.1 22.0 22.09 23.0 23.09 24.0 24.08 25.0 25.08 26.0 26.08 27.0 27.07 28.0 28.07 29.0 29.07 30.0 30.07 31.0 31.06 32.0 32.06 33.0 33.06 34.0 34.06 35.0 35.06 67.47 69.43 67.68 69.63 21.59 23.54 46.53 48.51 36.88 38.21 29.97 29.15 
55.33 55.58 56.32 56.57 57.31 57.56 58.31 58.55 59.3 59.54 3.61 3.0 2.83 2.0 2.24 1.0 2.0 0.0 2.24 1.0 2.83 2.0 3.61 3.0 4.47 4.0 5.39 5.0 6.32 6.0 7.28 7.0 8.25 8.0 9.22 9.0 10.2 10.0 11.18 11.0 12.17 12.0 13.15 13.0 14.14 14.0 15.13 15.0 16.12 16.0 17.12 17.0 18.11 18.0 19.1 19.0 20.1 20.0 21.1 21.0 22.09 22.0 23.09 23.0 24.08 24.0 25.08 25.0 26.08 26.0 27.07 27.0 28.07 28.0 29.07 29.0 30.07 30.0 31.06 31.0 32.06 32.0 33.06 33.0 34.06 34.0 35.06 35.0 67.08 69.05 67.27 69.23 22.14 24.04 46.87 48.84 35.38 36.77 30.89 29.97 
54.59 54.92 55.58 55.9 56.57 56.89 57.56 57.87 58.55 58.86 4.0 4.47 3.0 3.61 2.0 2.83 1.0 2.24 0.0 2.0 1.0 2.24 2.0 2.83 3.0 3.61 4.0 4.47 5.0 5.39 6.0 6.32 7.0 7.28 8.0 8.25 9.0 9.22 10.0 10.2 11.0 11.18 12.0 12.17 13.0 13.15 14.0 14.14 15.0 15.13 16.0 16.12 17.0 17.12 18.0 18.11 19.0 19.1 20.0 20.1 21.0 21.1 22.0 22.09 23.0 23.09 24.0 24.08 25.0 25.08 26.0 26.08 27.0 27.07 28.0 28.07 29.0 29.07 30.0 30.07 31.0 31.06 32.0 32.06 33.0 33.06 34.0 34.06 66.49 68.45 66.71 68.66 20.62 22.56 45.54 47.52 36.24 37.54 30.87 30.08 
54.33 54.59 55.33 55.58 56.32 56.57 57.31 57.56 58.31 58.55 4.47 4.0 3.61 3.0 2.83 2.0 2.24 1.0 2.0 0.0 2.24 1.0 2.83 2.0 3.61 3.0 4.47 4.0 5.39 5.0 6.32 6.0 7.28 7.0 8.25 8.0 9.22 9.0 10.2 10.0 11.18 11.0 12.17 12.0 13.15 13.0 14.14 14.0 15.13 15.0 16.12 16.0 17.12 17.0 18.11 18.0 19.1 19.0 20.1 20.0 21.1 21.0 22.09 22.0 23.09 23.0 24.08 24.0 25.08 25.0 26.08 26.0 27.07 27.0 28.07 28.0 29.07 29.0 30.07 30.0 31.06 31.0 32.06 32.0 33.06 33.0 34.06 34.0 66.1 68.07 66.29 68.25 21.19 23.09 45.89 47.85 34.71 36.07 31.76 30.87 
53.6 53.94 54.59 54.92 55.58 55.9 56.57 56.89 57.56 57.87 5.0 5.39 4.0 4.47 3.0 3.61 2.0 2.83 1.0 2.24 0.0 2.0 1.0 2.24 2.0 2.83 3.0 3.61 4.0 4.47 5.0 5.39 6.0 6.32 7.0 7.28 8.0 8.25 9.0 9.22 10.0 10.2 11.0 11.18 12.0 12.17 13.0 13.15 14.0 14.14 15.0 15.13 16.0 16.12 17.0 17.12 18.0 18.11 19.0 19.1 20.0 20.1 21.0 21.1 22.0 22.09 23.0 23.09 24.0 24.08 25.0 25.08 26.0 26.08 27.0 27.07 28.0 28.07 29.0 29.07 30.0 30.07 31.0 31.06 32.0 32.06 33.0 33.06 65.51 67.47 65.73 67.68 19.65 21.59 44.55 46.53 35.61 36.88 31.78 31.02 
53.34 53.6 54.33 54.59 55.33 55.58 56.32 56.57 57.31 57.56 5.39 5.0 4.47 4.0 3.61 3.0 2.83 2.0 2.24 1.0 2.0 0.0 2.24 1.0 2.83 2.0 3.61 3.0 4.47 4.0 5.39 5.0 6.32 6.0 7.28 7.0 8.25 8.0 9.22 9.0 10.2 10.0 11.18 11.0 12.17 12.0 13.15 13.0 14.14 14.0 15.13 15.0 16.12 16.0 17.12 17.0 18.11 18.0 19.1 19.0 20.1 20.0 21.1 21.0 22.09 22.0 23.09 23.0 24.08 24.0 25.08 25.0 26.08 26.0 27.07 27.0 28.07 28.0 29.07 29.0 30.07 30.0 31.06 31.0 32.06 32.0 33.06 33.0 65.12 67.08 65.31 67.27 20.25 22.14 44.91 46.87 34.06 35.38 32.65 31.78 
52.61 52.95 53.6 53.94 54.59 54.92 55.58 55.9 56.57 56.89 6.0 6.32 5.0 5.39 4.0 4.47 3.0 3.61 2.0 2.83 1.0 2.24 0.0 2.0 1.0 2.24 2.0 2.83 3.0 3.61 4.0 4.47 5.0 5.39 6.0 6.32 7.0 7.28 8.0 8.25 9.0 9.22 10.0 10.2 11.0 11.18 12.0 12.17 13.0 13.15 14.0 14.14 15.0 15.13 16.0 16.12 17.0 17.12 18.0 18.11 19.0 19.1 20.0 20.1 21.0 21.1 22.0 22.09 23.0 23.09 24.0 24.08 25.0 25.08 26.0 26.08 27.0 27.07 28.0 28.07 29.0 29.07 30.0 30.07 31.0 31.06 32.0 32.06 64.54 66.49 64.76 66.71 18.68 20.62 43.57 45.54 35.0 36.24 32.7 31.95 
52.35 52.61 53.34 53.6 54.33 54.59 55.33 55.58 56.32 56.57 6.32 6.0 5.39 5.0 4.47 4.0 3.61 3.0 2.83 2.0 2.24 1.0 2.0 0.0 2.24 1.0 2.83 2.0 3.61 3.0 4.47 4.0 5.39 5.0 6.32 6.0 7.28 7.0 8.25 8.0 9.22 9.0 10.2 10.0 11.18 11.0 12.17 12.0 13.15 13.0 14.14 14.0 15.13 15.0 16.12 16.0 17.12 17.0 18.11 18.0 19.1 19.0 20.1 20.0 21.1 21.0 22.09 22.0 23.09 23.0 24.08 24.0 25.08 25.0 26.08 26.0 27.07 27.0 28.07 28.0 29.07 29.0 30.07 30.0 31.06 31.0 32.06 32.0 64.13 66.1 64.33 66.29 19.31 21.19 43.93 45.89 33.42 34.71 33.54 32.7 
51.62 51.97 52.61 52.95 53.6 53.94 54.59 54.92 55.58 55.9 7.0 7.28 6.0 6.32 5.0 5.39 4.0 4.47 3.0 3.61 2.0 2.83 1.0 2.24 0.0 2.0 1.0 2.24 2.0 2.83 3.0 3.61 4.0 4.47 5.0 5.39 6.0 6.32 7.0 7.28 8.0 8.25 9.0 9.22 10.0 10.2 11.0 11.18 12.0 12.17 13.0 13.15 14.0 14.14 15.0 15.13 16.0 16.12 17.0 17.12 18.0 18.11 19.0 19.1 20.0 20.1 21.0 21.1 22.0 22.09 23.0 23.09 24.0 24.08 25.0 25.08 26.0 26.08 27.0 27.07 28.0 28.07 29.0 29.07 30.0 30.07 31.0 31.06 63.56 65.51 63.79 65.73 17.72 19.65 42.58 44.55 34.41 35.61 33.62 32.89 
51.35 51.62 52.35 52.61 53.34 53.6 54.33 54.59 55.33 55.58 7.28 7.0 6.32 6.0 5.39 5.0 4.47 4.0 3.61 3.0 2.83 2.0 2.24 1.0 2.0 0.0 2.24 1.0 2.83 2.0 3.61 3.0 4.47 4.0 5.39 5.0 6.32 6.0 7.28 7.0 8.25 8.0 9.22 9.0 10.2 10.0 11.18 11.0 12.17 12.0 13.15 13.0 14.14 14.0 15.13 15.0 16.12 16.0 17.12 17.0 18.11 18.0 19.1 19.0 20.1 20.0 21.1 21.0 22.09 22.0 23.09 23.0 24.08 24.0 25.08 25.0 26.08 26.0 27.07 27.0 28.07 28.0 29.07 29.0 30.07 30.0 31.06 31.0 63.15 65.12 63.35 65.31 18.38 20.25 42.95 44.91 32.8 34.06 34.44 33.62 
50.64 50.99 51.62 51.97 52.61 52.95 53.6 53.94 54.59 54.92 8.0 8.25 7.0 7.28 6.0 6.32 5.0 5.39 4.0 4.47 3.0 3.61 2.0 2.83 1.0 2.24 0.0 2.0 1.0 2.24 2.0 2.83 3.0 3.61 4.0 4.47 5.0 5.39 6.0 6.32 7.0 7.28 8.0 8.25 9.0 9.22 10.0 10.2 11.0 11.18 12.0 12.17 13.0 13.15 14.0 14.14 15.0 15.13 16.0 16.12 17.0 17.12 18.0 18.11 19.0 19.1 20.0 20.1 21.0 21.1 22.0 22.09 23.0 23.09 24.0 24.08 25.0 25.08 26.0 26.08 27.0 27.07 28.0 28.07 29.0 29.07 30.0 30.07 62.59 64.54 62.82 64.76 16.76 18.68 41.59 43.57 33.84 35.0 34.54 33.84 
50.36 50.64 51.35 51.62 52.35 52.61 53.34 53.6 54.33 54.59 8.25 8.0 7.28 7.0 6.32 6.0 5.39 5.0 4.47 4.0 3.61 3.0 2.83 2.0 2.24 1.0 2.0 0.0 2.24 1.0 2.83 2.0 3.61 3.0 4.47 4.0 5.39 5.0 6.32 6.0 7.28 7.0 8.25 8.0 9.22 9.0 10.2 10.0 11.18 11.0 12.17 12.0 13.15 13.0 14.14 14.0 15.13 15.0 16.12 16.0 17.12 17.0 18.11 18.0 19.1 19.0 20.1 20.0 21.1 21.0 22.09 22.0 23.09 23.0 24.08 24.0 25.08 25.0 26.08 26.0 27.07 27.0 28.07 28.0 29.07 29.0 30.07 30.0 62.17 64.13 62.37 64.33 17.46 19.31 41.98 43.93 32.2 33.42 35.34 34.54 
49.65 50.01 50.64 50.99 51.62 51.97 52.61 52.95 53.6 53.94 9.0 9.22 8.0 8.25 7.0 7.28 6.0 6.32 5.0 5.39 4.0 4.47 3.0 3.61 2.0 2.83 1.0 2.24 0.0 2.0 1.0 2.24 2.0 2.83 3.0 3.61 4.0 4.47 5.0 5.39 6.0 6.32 7.0 7.28 8.0 8.25 9.0 9.22 10.0 10.2 11.0 11.18 12.0 12.17 13.0 13.15 14.0 14.14 15.0 15.13 16.0 16.12 17.0 17.12 18.0 18.11 19.0 19.1 20.0 20.1 21.0 21.1 22.0 22.09 23.0 23.09 24.0 24.08 25.0 25.08 26.0 26.08 27.0 27.07 28.0 28.07 29.0 29.07 61.61 63.56 61.85 63.79 15.81 17.72 40.61 42.58 33.29 34.41 35.47 34.79 
49.37 49.65 50.36 50.64 51.35 51.62 52.35 52.61 53.34 53.6 9.22 9.0 8.25 8.0 7.28 7.0 6.32 6.0 5.39 5.0 4.47 4.0 3.61 3.0 2.83 2.0 2.24 1.0 2.0 0.0 2.24 1.0 2.83 2.0 3.61 3.0 4.47 4.0 5.39 5.0 6.32 6.0 7.28 7.0 8.25 8.0 9.22 9.0 10.2 10.0 11.18 11.0 12.17 12.0 13.15 13.0 14.14 14.0 15.13 15.0 16.12 16.0 17.12 17.0 18.11 18.0 19.1 19.0 20.1 20.0 21.1 21.0 22.09 22.0 23.09 23.0 24.08 24.0 25.08 25.0 26.08 26.0 27.07 27.0 28.07 28.0 29.07 29.0 61.19 63.15 61.39 63.35 16.55 18.38 41.0 42.95 31.62 32.8 36.25 35.47 
48.66 49.03 49.65 50.01 50.64 50.99 51.62 51.97 52.61 52.95 10.0 10.2 9.0 9.22 8.0 8.25 7.0 7.28 6.0 6.32 5.0 5.39 4.0 4.47 3.0 3.61 2.0 2.83 1.0 2.24 0.0 2.0 1.0 2.24 2.0 2.83 3.0 3.61 4.0 4.47 5.0 5.39 6.0 6.32 7.0 7.28 8.0 8.25 9.0 9.22 10.0 10.2 11.0 11.18 12.0 12.17 13.0 13.15 14.0 14.14 15.0 15.13 16.0 16.12 17.0 17.12 18.0 18.11 19.0 19.1 20.0 20.1 21.0 21.1 22.0 22.09 23.0 23.09 24.0 24.08 25.0 25.08 26.0 26.08 27.0 27.07 28.0 28.07 60.64 62.59 60.88 62.82 14.87 16.76 39.62 41.59 32.76 33.84 36.4 35.74 
48.37 48.66 49.37 49.65 50.36 50.64 51.35 51.62 52.35 52.61 10.2 10.0 9.22 9.0 8.25 8.0 7.28 7.0 6.32 6.0 5.39 5.0 4.47 4.0 3.61 3.0 2.83 2.0 2.24 1.0 2.0 0.0 2.24 1.0 2.83 2.0 3.61 3.0 4.47 4.0 5.39 5.0 6.32 6.0 7.28 7.0 8.25 8.0 9.22 9.0 10.2 10.0 11.18 11.0 12.17 12.0 13.15 13.0 14.14 14.0 15.13 15.0 16.12 16.0 17.12 17.0 18.11 18.0 19.1 19.0 20.1 20.0 21.1 21.0 22.09 22.0 23.09 23.0 24.08 24.0 25.08 25.0 26.08 26.0 27.07 27.0 28.07 28.0 60.21 62.17 60.42 62.37 15.65 17.46 40.02 41.98 31.06 32.2 37.16 36.4 
47.68 48.05 48.66 49.03 49.65 50.01 50.64 50.99 51.62 51.97 11.0 11.18 10.0 10.2 9.0 9.22 8.0 8.25 7.0 7.28 6.0 6.32 5.0 5.39 4.0 4.47 3.0 3.61 2.0 2.83 1.0 2.24 0.0 2.0 1.0 2.24 2.0 2.83 3.0 3.61 4.0 4.47 5.0 5.39 6.0 6.32 7.0 7.28 8.0 8.25 9.0 9.22 10.0 10.2 11.0 11.18 12.0 12.17 13.0 13.15 14.0 14.14 15.0 15.13 16.0 16.12 17.0 17.12 18.0 18.11 19.0 19.1 20.0 20.1 21.0 21.1 22.0 22.09 23.0 23.09 24.0 24.08 25.0 25.08 26.0 26.08 27.0 27.07 59.67 61.61 59.91 61.85 13.93 15.81 38.64 40.61 32.25 33.29 37.34 36.69 
47.38 47.68 48.37 48.66 49.37 49.65 50.36 50.64 51.35 51.62 11.18 11.0 10.2 10.0 9.22 9.0 8.25 8.0 7.28 7.0 6.32 6.0 5.39 5.0 4.47 4.0 3.61 3.0 2.83 2.0 2.24 1.0 2.0 0.0 2.24 1.0 2.83 2.0 3.61 3.0 4.47 4.0 5.39 5.0 6.32 6.0 7.28 7.0 8.25 8.0 9.22 9.0 10.2 10.0 11.18 11.0 12.17 12.0 13.15 13.0 14.14 14.0 15.13 15.0 16.12 16.0 17.12 17.0 18.11 18.0 19.1 19.0 20.1 20.0 21.1 21.0 22.09 22.0 23.09 23.0 24.08 24.0 25.08 25.0 26.08 26.0 27.07 27.0 59.23 61.19 59.44 61.39 14.76 16.55 39.05 41.0 30.53 31.62 38.08 37.34 
46.69 47.07 47.68 48.05 48.66 49.03 49.65 50.01 50.64 50.99 12.0 12.17 11.0 11.18 10.0 10.2 9.0 9.22 8.0 8.25 7.0 7.28 6.0 6.32 5.0 5.39 4.0 4.47 3.0 3.61 2.0 2.83 1.0 2.24 0.0 2.0 1.0 2.24 2.0 2.83 3.0 3.61 4.0 4.47 5.0 5.39 6.0 6.32 7.0 7.28 8.0 8.25 9.0 9.22 10.0 10.2 11.0 11.18 12.0 12.17 13.0 13.15 14.0 14.14 15.0 15.13 16.0 16.12 17.0 17.12 18.0 18.11 19.0 19.1 20.0 20.1 21.0 21.1 22.0 22.09 23.0 23.09 24.0 24.08 25.0 25.08 26.0 26.08 58.69 60.64 58.94 60.88 13.0 14.87 37.66 39.62 31.76 32.76 38.28 37.64 
46.39 46.69 47.38 47.68 48.37 48.66 49.37 49.65 50.36 50.64 12.17 12.0 11.18 11.0 10.2 10.0 9.22 9.0 8.25 8.0 7.28 7.0 6.32 6.0 5.39 5.0 4.47 4.0 3.61 3.0 2.83 2.0 2.24 1.0 2.0 0.0 2.24 1.0 2.83 2.0 3.61 3.0 4.47 4.0 5.39 5.0 6.32 6.0 7.28 7.0 8.25 8.0 9.22 9.0 10.2 10.0 11.18 11.0 12.17 12.0 13.15 13.0 14.14 14.0 15.13 15.0 16.12 16.0 17.12 17.0 18.11 18.0 19.1 19.0 20.1 20.0 21.1 21.0 22.09 22.0 23.09 23.0 24.08 24.0 25.08 25.0 26.08 26.0 58.25 60.21 58.46 60.42 13.89 15.65 38.08 40.02 30.02 31.06 39.0 38.28 
45.71 46.1 46.69 47.07 47.68 48.05 48.66 49.03 49.65 50.01 13.0 13.15 12.0 12.17 11.0 11.18 10.0 10.2 9.0 9.22 8.0 8.25 7.0 7.28 6.0 6.32 5.0 5.39 4.0 4.47 3.0 3.61 2.0 2.83 1.0 2.24 0.0 2.0 1.0 2.24 2.0 2.83 3.0 3.61 4.0 4.47 5.0 5.39 6.0 6.32 7.0 7.28 8.0 8.25 9.0 9.22 10.0 10.2 11.0 11.18 12.0 12.17 13.0 13.15 14.0 14.14 15.0 15.13 16.0 16.12 17.0 17.12 18.0 18.11 19.0 19.1 20.0 20.1 21.0 21.1 22.0 22.09 23.0 23.09 24.0 24.08 25.0 25.08 57.72 59.67 57.97 59.91 12.08 13.93 36.67 38.64 31.3 32.25 39.22 38.6 
45.4 45.71 46.39 46.69 47.38 47.68 48.37 48.66 49.37 49.65 13.15 13.0 12.17 12.0 11.18 11.0 10.2 10.0 9.22 9.0 8.25 8.0 7.28 7.0 6.32 6.0 5.39 5.0 4.47 4.0 3.61 3.0 2.83 2.0 2.24 1.0 2.0 0.0 2.24 1.0 2.83 2.0 3.61 3.0 4.47 4.0 5.39 5.0 6.32 6.0 7.28 7.0 8.25 8.0 9.22 9.0 10.2 10.0 11.18 11.0 12.17 12.0 13.15 13.0 14.14 14.0 15.13 15.0 16.12 16.0 17.12 17.0 18.11 18.0 19.1 19.0 20.1 20.0 21.1 21.0 22.09 22.0 23.09 23.0 24.08 24.0 25.08 25.0 57.27 59.23 57.49 59.44 13.04 14.76 37.11 39.05 29.53 30.53 39.92 39.22 
44.72 45.12 45.71 46.1 46.69 47.07 47.68 48.05 48.66 49.03 14.0 14.14 13.0 13.15 12.0 12.17 11.0 11.18 10.0 10.2 9.0 9.22 8.0 8.25 7.0 7.28 6.0 6.32 5.0 5.39 4.0 4.47 3.0 3.61 2.0 2.83 1.0 2.24 0.0 2.0 1.0 2.24 2.0 2.83 3.0 3.61 4.0 4.47 5.0 5.39 6.0 6.32 7.0 7.28 8.0 8.25 9.0 9.22 10.0 10.2 11.0 11.18 12.0 12.17 13.0 13.15 14.0 14.14 15.0 15.13 16.0 16.12 17.0 17.12 18.0 18.11 19.0 19.1 20.0 20.1 21.0 21.1 22.0 22.09 23.0 23.09 24.0 24.08 56.75 58.69 57.01 58.94 11.18 13.0 35.69 37.66 30.87 31.76 40.16 39.56 
44.41 44.72 45.4 45.71 46.39 46.69 47.38 47.68 48.37 48.66 14.14 14.0 13.15 13.0 12.17 12.0 11.18 11.0 10.2 10.0 9.22 9.0 8.25 8.0 7.28 7.0 6.32 6.0 5.39 5.0 4.47 4.0 3.61 3.0 2.83 2.0 2.24 1.0 2.0 0.0 2.24 1.0 2.83 2.0 3.61 3.0 4.47 4.0 5.39 5.0 6.32 6.0 7.28 7.0 8.25 8.0 9.22 9.0 10.2 10.0 11.18 11.0 12.17 12.0 13.15 13.0 14.14 14.0 15.13 15.0 16.12 16.0 17.12 17.0 18.11 18.0 19.1 19.0 20.1 20.0 21.1 21.0 22.09 22.0 23.09 23.0 24.08 24.0 56.29 58.25 56.52 58.46 12.21 13.89 36.14 38.08 29.07 30.02 40.85 40.16 
43.74 44.15 44.72 45.12 45.71 46.1 46.69 47.07 47.68 48.05 15.0 15.13 14.0 14.14 13.0 13.15 12.0 12.17 11.0 11.18 10.0 10.2 9.0 9.22 8.0 8.25 7.0 7.28 6.0 6.32 5.0 5.39 4.0 4.47 3.0 3.61 2.0 2.83 1.0 2.24 0.0 2.0 1.0 2.24 2.0 2.83 3.0 3.61 4.0 4.47 5.0 5.39 6.0 6.32 7.0 7.28 8.0 8.25 9.0 9.22 10.0 10.2 11.0 11.18 12.0 12.17 13.0 13.15 14.0 14.14 15.0 15.13 16.0 16.12 17.0 17.12 18.0 18.11 19.0 19.1 20.0 20.1 21.0 21.1 22.0 22.09 23.0 23.09 55.79 57.72 56.04 57.97 10.3 12.08 34.71 36.67 30.46 31.3 41.11 40.52 
43.42 43.74 44.41 44.72 45.4 45.71 46.39 46.69 47.38 47.68 15.13 15.0 14.14 14.0 13.15 13.0 12.17 12.0 11.18 11.0 10.2 10.0 9.22 9.0 8.25 8.0 7.28 7.0 6.32 6.0 5.39 5.0 4.47 4.0 3.61 3.0 2.83 2.0 2.24 1.0 2.0 0.0 2.24 1.0 2.83 2.0 3.61 3.0 4.47 4.0 5.39 5.0 6.32 6.0 7.28 7.0 8.25 8.0 9.22 9.0 10.2 10.0 11.18 11.0 12.17 12.0 13.15 13.0 14.14 14.0 15.13 15.0 16.12 16.0 17.12 17.0 18.11 18.0 19.1 19.0 20.1 20.0 21.1 21.0 22.09 22.0 23.09 23.0 55.32 57.27 55.54 57.49 11.4 13.04 35.17 37.11 28.64 29.53 41.79 41.11 
42.76 43.17 43.74 44.15 44.72 45.12 45.71 46.1 46.69 47.07 16.0 16.12 15.0 15.13 14.0 14.14 13.0 13.15 12.0 12.17 11.0 11.18 10.0 10.2 9.0 9.22 8.0 8.25 7.0 7.28 6.0 6.32 5.0 5.39 4.0 4.47 3.0 3.61 2.0 2.83 1.0 2.24 0.0 2.0 1.0 2.24 2.0 2.83 3.0 3.61 4.0 4.47 5.0 5.39 6.0 6.32 7.0 7.28 8.0 8.25 9.0 9.22 10.0 10.2 11.0 11.18 12.0 12.17 13.0 13.15 14.0 14.14 15.0 15.13 16.0 16.12 17.0 17.12 18.0 18.11 19.0 19.1 20.0 20.1 21.0 21.1 22.0 22.09 54.82 56.75 55.08 57.01 9.43 11.18 33.73 35.69 30.08 30.87 42.06 41.48 
42.43 42.76 43.42 43.74 44.41 44.72 45.4 45.71 46.39 46.69 16.12 16.0 15.13 15.0 14.14 14.0 13.15 13.0 12.17 12.0 11.18 11.0 10.2 10.0 9.22 9.0 8.25 8.0 7.28 7.0 6.32 6.0 5.39 5.0 4.47 4.0 3.61 3.0 2.83 2.0 2.24 1.0 2.0 0.0 2.24 1.0 2.83 2.0 3.61 3.0 4.47 4.0 5.39 5.0 6.32 6.0 7.28 7.0 8.25 8.0 9.22 9.0 10.2 10.0 11.18 11.0 12.17 12.0 13.15 13.0 14.14 14.0 15.13 15.0 16.12 16.0 17.12 17.0 18.11 18.0 19.1 19.0 20.1 20.0 21.1 21.0 22.09 22.0 54.34 56.29 54.57 56.52 10.63 12.21 34.21 36.14 28.23 29.07 42.72 42.06 
41.77 42.2 42.76 43.17 43.74 44.15 44.72 45.12 45.71 46.1 17.0 17.12 16.0 16.12 15.0 15.13 14.0 14.14 13.0 13.15 12.0 12.17 11.0 11.18 10.0 10.2 9.0 9.22 8.0 8.25 7.0 7.28 6.0 6.32 5.0 5.39 4.0 4.47 3.0 3.61 2.0 2.83 1.0 2.24 0.0 2.0 1.0 2.24 2.0 2.83 3.0 3.61 4.0 4.47 5.0 5.39 6.0 6.32 7.0 7.28 8.0 8.25 9.0 9.22 10.0 10.2 11.0 11.18 12.0 12.17 13.0 13.15 14.0 14.14 15.0 15.13 16.0 16.12 17.0 17.12 18.0 18.11 19.0 19.1 20.0 20.1 21.0 21.1 53.85 55.79 54.12 56.04 8.6 10.3 32.76 34.71 29.73 30.46 43.01 42.45 
41.44 41.77 42.43 42.76 43.42 43.74 44.41 44.72 45.4 45.71 17.12 17.0 16.12 16.0 15.13 15.0 14.14 14.0 13.15 13.0 12.17 12.0 11.18 11.0 10.2 10.0 9.22 9.0 8.25 8.0 7.28 7.0 6.32 6.0 5.39 5.0 4.47 4.0 3.61 3.0 2.83 2.0 2.24 1.0 2.0 0.0 2.24 1.0 2.83 2.0 3.61 3.0 4.47 4.0 5.39 5.0 6.32 6.0 7.28 7.0 8.25 8.0 9.22 9.0 10.2 10.0 11.18 11.0 12.17 12.0 13.15 13.0 14.14 14.0 15.13 15.0 16.12 16.0 17.12 17.0 18.11 18.0 19.1 19.0 20.1 20.0 21.1 21.0 53.37 55.32 53.6 55.54 9.9 11.4 33.24 35.17 27.86 28.64 43.66 43.01 
40.79 41.23 41.77 42.2 42.76 43.17 43.74 44.15 44.72 45.12 18.0 18.11 17.0 17.12 16.0 16.12 15.0 15.13 14.0 14.14 13.0 13.15 12.0 12.17 11.0 11.18 10.0 10.2 9.0 9.22 8.0 8.25 7.0 7.28 6.0 6.32 5.0 5.39 4.0 4.47 3.0 3.61 2.0 2.83 1.0 2.24 0.0 2.0 1.0 2.24 2.0 2.83 3.0 3.61 4.0 4.47 5.0 5.39 6.0 6.32 7.0 7.28 8.0 8.25 9.0 9.22 10.0 10.2 11.0 11.18 12.0 12.17 13.0 13.15 14.0 14.14 15.0 15.13 16.0 16.12 17.0 17.12 18.0 18.11 19.0 19.1 20.0 20.1 52.89 54.82 53.16 55.08 7.81 9.43 31.78 33.73 29.41 30.08 43.97 43.42 
40.45 40.79 41.44 41.77 42.43 42.76 43.42 43.74 44.41 44.72 18.11 18.0 17.12 17.0 16.12 16.0 15.13 15.0 14.14 14.0 13.15 13.0 12.17 12.0 11.18 11.0 10.2 10.0 9.22 9.0 8.25 8.0 7.28 7.0 6.32 6.0 5.39 5.0 4.47 4.0 3.61 3.0 2.83 2.0 2.24 1.0 2.0 0.0 2.24 1.0 2.83 2.0 3.61 3.0 4.47 4.0 5.39 5.0 6.32 6.0 7.28 7.0 8.25 8.0 9.22 9.0 10.2 10.0 11.18 11.0 12.17 12.0 13.15 13.0 14.14 14.0 15.13 15.0 16.12 16.0 17.12 17.0 18.11 18.0 19.1 19.0 20.1 20.0 52.39 54.34 52.63 54.57 9.22 10.63 32.28 34.21 27.51 28.23 44.6 43.97 
39.81 40.26 40.79 41.23 41.77 42.2 42.76 43.17 43.74 44.15 19.0 19.1 18.0 18.11 17.0 17.12 16.0 16.12 15.0 15.13 14.0 14.14 13.0 13.15 12.0 12.17 11.0 11.18 10.0 10.2 9.0 9.22 8.0 8.25 7.0 7.28 6.0 6.32 5.0 5.39 4.0 4.47 3.0 3.61 2.0 2.83 1.0 2.24 0.0 2.0 1.0 2.24 2.0 2.83 3.0 3.61 4.0 4.47 5.0 5.39 6.0 6.32 7.0 7.28 8.0 8.25 9.0 9.22 10.0 10.2 11.0 11.18 12.0 12.17 13.0 13.15 14.0 14.14 15.0 15.13 16.0 16.12 17.0 17.12 18.0 18.11 19.0 19.1 51.92 53.85 52.2 54.12 7.07 8.6 30.81 32.76 29.12 29.73 44.92 44.38 
39.46 39.81 40.45 40.79 41.44 41.77 42.43 42.76 43.42 43.74 19.1 19.0 18.11 18.0 17.12 17.0 16.12 16.0 15.13 15.0 14.14 14.0 13.15 13.0 12.17 12.0 11.18 11.0 10.2 10.0 9.22 9.0 8.25 8.0 7.28 7.0 6.32 6.0 5.39 5.0 4.47 4.0 3.61 3.0 2.83 2.0 2.24 1.0 2.0 0.0 2.24 1.0 2.83 2.0 3.61 3.0 4.47 4.0 5.39 5.0 6.32 6.0 7.28 7.0 8.25 8.0 9.22 9.0 10.2 10.0 11.18 11.0 12.17 12.0 13.15 13.0 14.14 14.0 15.13 15.0 16.12 16.0 17.12 17.0 18.11 18.0 19.1 19.0 51.42 53.37 51.66 53.6 8.6 9.9 31.32 33.24 27.2 27.86 45.54 44.92 
38.83 39.29 39.81 40.26 40.79 41.23 41.77 42.2 42.76 43.17 20.0 20.1 19.0 19.1 18.0 18.11 17.0 17.12 16.0 16.12 15.0 15.13 14.0 14.14 13.0 13.15 12.0 12.17 11.0 11.18 10.0 10.2 9.0 9.22 8.0 8.25 7.0 7.28 6.0 6.32 5.0 5.39 4.0 4.47 3.0 3.61 2.0 2.83 1.0 2.24 0.0 2.0 1.0 2.24 2.0 2.83 3.0 3.61 4.0 4.47 5.0 5.39 6.0 6.32 7.0 7.28 8.0 8.25 9.0 9.22 10.0 10.2 11.0 11.18 12.0 12.17 13.0 13.15 14.0 14.14 15.0 15.13 16.0 16.12 17.0 17.12 18.0 18.11 50.96 52.89 51.24 53.16 6.4 7.81 29.83 31.78 28.86 29.41 45.88 45.35 
38.47 38.83 39.46 39.81 40.45 40.79 41.44 41.77 42.43 42.76 20.1 20.0 19.1 19.0 18.11 18.0 17.12 17.0 16.12 16.0 15.13 15.0 14.14 14.0 13.15 13.0 12.17 12.0 11.18 11.0 10.2 10.0 9.22 9.0 8.25 8.0 7.28 7.0 6.32 6.0 5.39 5.0 4.47 4.0 3.61 3.0 2.83 2.0 2.24 1.0 2.0 0.0 2.24 1.0 2.83 2.0 3.61 3.0 4.47 4.0 5.39 5.0 6.32 6.0 7.28 7.0 8.25 8.0 9.22 9.0 10.2 10.0 11.18 11.0 12.17 12.0 13.15 13.0 14.14 14.0 15.13 15.0 16.12 16.0 17.12 17.0 18.11 18.0 50.45 52.39 50.7 52.63 8.06 9.22 30.36 32.28 26.93 27.51 46.49 45.88 
37.85 38.33 38.83 39.29 39.81 40.26 40.79 41.23 41.77 42.2 21.0 21.1 20.0 20.1 19.0 19.1 18.0 18.11 17.0 17.12 16.0 16.12 15.0 15.13 14.0 14.14 13.0 13.15 12.0 12.17 11.0 11.18 10.0 10.2 9.0 9.22 8.0 8.25 7.0 7.28 6.0 6.32 5.0 5.39 4.0 4.47 3.0 3.61 2.0 2.83 1.0 2.24 0.0 2.0 1.0 2.24 2.0 2.83 3.0 3.61 4.0 4.47 5.0 5.39 6.0 6.32 7.0 7.28 8.0 8.25 9.0 9.22 10.0 10.2 11.0 11.18 12.0 12.17 13.0 13.15 14.0 14.14 15.0 15.13 16.0 16.12 17.0 17.12 50.0 51.92 50.29 52.2 5.83 7.07 28.86 30.81 28.64 29.12 46.84 46.32 
37.48 37.85 38.47 38.83 39.46 39.81 40.45 40.79 41.44 41.77 21.1 21.0 20.1 20.0 19.1 19.0 18.11 18.0 17.12 17.0 16.12 16.0 15.13 15.0 14.14 14.0 13.15 13.0 12.17 12.0 11.18 11.0 10.2 10.0 9.22 9.0 8.25 8.0 7.28 7.0 6.32 6.0 5.39 5.0 4.47 4.0 3.61 3.0 2.83 2.0 2.24 1.0 2.0 0.0 2.24 1.0 2.83 2.0 3.61 3.0 4.47 4.0 5.39 5.0 6.32 6.0 7.28 7.0 8.25 8.0 9.22 9.0 10.2 10.0 11.18 11.0 12.17 12.0 13.15 13.0 14.14 14.0 15.13 15.0 16.12 16.0 17.12 17.0 49.48 51.42 49.73 51.66 7.62 8.6 29.41 31.32 26.68 27.2 47.43 46.84 
36.88 37.36 37.85 38.33 38.83 39.29 39.81 40.26 40.79 41.23 22.0 22.09 21.0 21.1 20.0 20.1 19.0 19.1 18.0 18.11 17.0 17.12 16.0 16.12 15.0 15.13 14.0 14.14 13.0 13.15 12.0 12.17 11.0 11.18 10.0 10.2 9.0 9.22 8.0 8.25 7.0 7.28 6.0 6.32 5.0 5.39 4.0 4.47 3.0 3.61 2.0 2.83 1.0 2.24 0.0 2.0 1.0 2.24 2.0 2.83 3.0 3.61 4.0 4.47 5.0 5.39 6.0 6.32 7.0 7.28 8.0 8.25 9.0 9.22 10.0 10.2 11.0 11.18 12.0 12.17 13.0 13.15 14.0 14.14 15.0 15.13 16.0 16.12 49.04 50.96 49.34 51.24 5.39 6.4 27.89 29.83 28.44 28.86 47.8 47.3 
36.5 36.88 37.48 37.85 38.47 38.83 39.46 39.81 40.45 40.79 22.09 22.0 21.1 21.0 20.1 20.0 19.1 19.0 18.11 18.0 17.12 17.0 16.12 16.0 15.13 15.0 14.14 14.0 13.15 13.0 12.17 12.0 11.18 11.0 10.2 10.0 9.22 9.0 8.25 8.0 7.28 7.0 6.32 6.0 5.39 5.0 4.47 4.0 3.61 3.0 2.83 2.0 2.24 1.0 2.0 0.0 2.24 1.0 2.83 2.0 3.61 3.0 4.47 4.0 5.39 5.0 6.32 6.0 7.28 7.0 8.25 8.0 9.22 9.0 10.2 10.0 11.18 11.0 12.17 12.0 13.15 13.0 14.14 14.0 15.13 15.0 16.12 16.0 48.51 50.45 48.76 50.7 7.28 8.06 28.46 30.36 26.48 26.93 48.38 47.8 
35.9 36.4 36.88 37.36 37.85 38.33 38.83 39.29 39.81 40.26 23.0 23.09 22.0 22.09 21.0 21.1 20.0 20.1 19.0 19.1 18.0 18.11 17.0 17.12 16.0 16.12 15.0 15.13 14.0 14.14 13.0 13.15 12.0 12.17 11.0 11.18 10.0 10.2 9.0 9.22 8.0 8.25 7.0 7.28 6.0 6.32 5.0 5.39 4.0 4.47 3.0 3.61 2.0 2.83 1.0 2.24 0.0 2.0 1.0 2.24 2.0 2.83 3.0 3.61 4.0 4.47 5.0 5.39 6.0 6.32 7.0 7.28 8.0 8.25 9.0 9.22 10.0 10.2 11.0 11.18 12.0 12.17 13.0 13.15 14.0 14.14 15.0 15.13 48.08 50.0 48.38 50.29 5.1 5.83 26.93 28.86 28.28 28.64 48.76 48.27 
35.51 35.9 36.5 36.88 37.48 37.85 38.47 38.83 39.46 39.81 23.09 23.0 22.09 22.0 21.1 21.0 20.1 20.0 19.1 19.0 18.11 18.0 17.12 17.0 16.12 16.0 15.13 15.0 14.14 14.0 13.15 13.0 12.17 12.0 11.18 11.0 10.2 10.0 9.22 9.0 8.25 8.0 7.28 7.0 6.32 6.0 5.39 5.0 4.47 4.0 3.61 3.0 2.83 2.0 2.24 1.0 2.0 0.0 2.24 1.0 2.83 2.0 3.61 3.0 4.47 4.0 5.39 5.0 6.32 6.0 7.28 7.0 8.25 8.0 9.22 9.0 10.2 10.0 11.18 11.0 12.17 12.0 13.15 13.0 14.14 14.0 15.13 15.0 47.54 49.48 47.8 49.73 7.07 7.62 27.51 29.41 26.31 26.68 49.34 48.76 
34.93 35.44 35.9 36.4 36.88 37.36 37.85 38.33 38.83 39.29 24.0 24.08 23.0 23.09 22.0 22.09 21.0 21.1 20.0 20.1 19.0 19.1 18.0 18.11 17.0 17.12 16.0 16.12 15.0 15.13 14.0 14.14 13.0 13.15 12.0 12.17 11.0 11.18 10.0 10.2 9.0 9.22 8.0 8.25 7.0 7.28 6.0 6.32 5.0 5.39 4.0 4.47 3.0 3.61 2.0 2.83 1.0 2.24 0.0 2.0 1.0 2.24 2.0 2.83 3.0 3.61 4.0 4.47 5.0 5.39 6.0 6.32 7.0 7.28 8.0 8.25 9.0 9.22 10.0 10.2 11.0 11.18 12.0 12.17 13.0 13.15 14.0 14.14 47.13 49.04 47.43 49.34 5.0 5.39 25.96 27.89 28.16 28.44 49.73 49.24 
34.53 34.93 35.51 35.9 36.5 36.88 37.48 37.85 38.47 38.83 24.08 24.0 23.09 23.0 22.09 22.0 21.1 21.0 20.1 20.0 19.1 19.0 18.11 18.0 17.12 17.0 16.12 16.0 15.13 15.0 14.14 14.0 13.15 13.0 12.17 12.0 11.18 11.0 10.2 10.0 9.22 9.0 8.25 8.0 7.28 7.0 6.32 6.0 5.39 5.0 4.47 4.0 3.61 3.0 2.83 2.0 2.24 1.0 2.0 0.0 2.24 1.0 2.83 2.0 3.61 3.0 4.47 4.0 5.39 5.0 6.32 6.0 7.28 7.0 8.25 8.0 9.22 9.0 10.2 10.0 11.18 11.0 12.17 12.0 13.15 13.0 14.14 14.0 46.57 48.51 46.84 48.76 7.0 7.28 26.57 28.46 26.17 26.48 50.29 49.73 
33.96 34.48 34.93 35.44 35.9 36.4 36.88 37.36 37.85 38.33 25.0 25.08 24.0 24.08 23.0 23.09 22.0 22.09 21.0 21.1 20.0 20.1 19.0 19.1 18.0 18.11 17.0 17.12 16.0 16.12 15.0 15.13 14.0 14.14 13.0 13.15 12.0 12.17 11.0 11.18 10.0 10.2 9.0 9.22 8.0 8.25 7.0 7.28 6.0 6.32 5.0 5.39 4.0 4.47 3.0 3.61 2.0 2.83 1.0 2.24 0.0 2.0 1.0 2.24 2.0 2.83 3.0 3.61 4.0 4.47 5.0 5.39 6.0 6.32 7.0 7.28 8.0 8.25 9.0 9.22 10.0 10.2 11.0 11.18 12.0 12.17 13.0 13.15 46.17 48.08 46.49 48.38 5.1 5.1 25.0 26.93 28.07 28.28 50.7 50.22 
33.54 33.96 34.53 34.93 35.51 35.9 36.5 36.88 37.48 37.85 25.08 25.0 24.08 24.0 23.09 23.0 22.09 22.0 21.1 21.0 20.1 20.0 19.1 19.0 18.11 18.0 17.12 17.0 16.12 16.0 15.13 15.0 14.14 14.0 13.15 13.0 12.17 12.0 11.18 11.0 10.2 10.0 9.22 9.0 8.25 8.0 7.28 7.0 6.32 6.0 5.39 5.0 4.47 4.0 3.61 3.0 2.83 2.0 2.24 1.0 2.0 0.0 2.24 1.0 2.83 2.0 3.61 3.0 4.47 4.0 5.39 5.0 6.32 6.0 7.28 7.0 8.25 8.0 9.22 9.0 10.2 10.0 11.18 11.0 12.17 12.0 13.15 13.0 45.61 47.54 45.88 47.8 7.07 7.07 25.63 27.51 26.08 26.31 51.24 50.7 
32.98 33.53 33.96 34.48 34.93 35.44 35.9 36.4 36.88 37.36 26.0 26.08 25.0 25.08 24.0 24.08 23.0 23.09 22.0 22.09 21.0 21.1 20.0 20.1 19.0 19.1 18.0 18.11 17.0 17.12 16.0 16.12 15.0 15.13 14.0 14.14 13.0 13.15 12.0 12.17 11.0 11.18 10.0 10.2 9.0 9.22 8.0 8.25 7.0 7.28 6.0 6.32 5.0 5.39 4.0 4.47 3.0 3.61 2.0 2.83 1.0 2.24 0.0 2.0 1.0 2.24 2.0 2.83 3.0 3.61 4.0 4.47 5.0 5.39 6.0 6.32 7.0 7.28 8.0 8.25 9.0 9.22 10.0 10.2 11.0 11.18 12.0 12.17 45.22 47.13 45.54 47.43 5.39 5.0 24.04 25.96 28.02 28.16 51.66 51.2 
32.56 32.98 33.54 33.96 34.53 34.93 35.51 35.9 36.5 36.88 26.08 26.0 25.08 25.0 24.08 24.0 23.09 23.0 22.09 22.0 21.1 21.0 20.1 20.0 19.1 19.0 18.11 18.0 17.12 17.0 16.12 16.0 15.13 15.0 14.14 14.0 13.15 13.0 12.17 12.0 11.18 11.0 10.2 10.0 9.22 9.0 8.25 8.0 7.28 7.0 6.32 6.0 5.39 5.0 4.47 4.0 3.61 3.0 2.83 2.0 2.24 1.0 2.0 0.0 2.24 1.0 2.83 2.0 3.61 3.0 4.47 4.0 5.39 5.0 6.32 6.0 7.28 7.0 8.25 8.0 9.22 9.0 10.2 10.0 11.18 11.0 12.17 12.0 44.64 46.57 44.92 46.84 7.28 7.0 24.7 26.57 26.02 26.17 52.2 51.66 
32.02 32.57 32.98 33.53 33.96 34.48 34.93 35.44 35.9 36.4 27.0 27.07 26.0 26.08 25.0 25.08 24.0 24.08 23.0 23.09 22.0 22.09 21.0 21.1 20.0 20.1 19.0 19.1 18.0 18.11 17.0 17.12 16.0 16.12 15.0 15.13 14.0 14.14 13.0 13.15 12.0 12.17 11.0 11.18 10.0 10.2 9.0 9.22 8.0 8.25 7.0 7.28 6.0 6.32 5.0 5.39 4.0 4.47 3.0 3.61 2.0 2.83 1.0 2.24 0.0 2.0 1.0 2.24 2.0 2.83 3.0 3.61 4.0 4.47 5.0 5.39 6.0 6.32 7.0 7.28 8.0 8.25 9.0 9.22 10.0 10.2 11.0 11.18 44.27 46.17 44.6 46.49 5.83 5.1 23.09 25.0 28.0 28.07 52.63 52.17 
31.58 32.02 32.56 32.98 33.54 33.96 34.53 34.93 35.51 35.9 27.07 27.0 26.08 26.0 25.08 25.0 24.08 24.0 23.09 23.0 22.09 22.0 21.1 21.0 20.1 20.0 19.1 19.0 18.11 18.0 17.12 17.0 16.12 16.0 15.13 15.0 14.14 14.0 13.15 13.0 12.17 12.0 11.18 11.0 10.2 10.0 9.22 9.0 8.25 8.0 7.28 7.0 6.32 6.0 5.39 5.0 4.47 4.0 3.61 3.0 2.83 2.0 2.24 1.0 2.0 0.0 2.24 1.0 2.83 2.0 3.61 3.0 4.47 4.0 5.39 5.0 6.32 6.0 7.28 7.0 8.25 8.0 9.22 9.0 10.2 10.0 11.18 11.0 43.68 45.61 43.97 45.88 7.62 7.07 23.77 25.63 26.0 26.08 53.16 52.63 
31.05 31.62 32.02 32.57 32.98 33.53 33.96 34.48 34.93 35.44 28.0 28.07 27.0 27.07 26.0 26.08 25.0 25.08 24.0 24.08 23.0 23.09 22.0 22.09 21.0 21.1 20.0 20.1 19.0 19.1 18.0 18.11 17.0 17.12 16.0 16.12 15.0 15.13 14.0 14.14 13.0 13.15 12.0 12.17 11.0 11.18 10.0 10.2 9.0 9.22 8.0 8.25 7.0 7.28 6.0 6.32 5.0 5.39 4.0 4.47 3.0 3.61 2.0 2.83 1.0 2.24 0.0 2.0 1.0 2.24 2.0 2.83 3.0 3.61 4.0 4.47 5.0 5.39 6.0 6.32 7.0 7.28 8.0 8.25 9.0 9.22 10.0 10.2 43.32 45.22 43.66 45.54 6.4 5.39 22.14 24.04 28.02 28.02 53.6 53.15 
30.59 31.05 31.58 32.02 32.56 32.98 33.54 33.96 34.53 34.93 28.07 28.0 27.07 27.0 26.08 26.0 25.08 25.0 24.08 24.0 23.09 23.0 22.09 22.0 21.1 21.0 20.1 20.0 19.1 19.0 18.11 18.0 17.12 17.0 16.12 16.0 15.13 15.0 14.14 14.0 13.15 13.0 12.17 12.0 11.18 11.0 10.2 10.0 9.22 9.0 8.25 8.0 7.28 7.0 6.32 6.0 5.39 5.0 4.47 4.0 3.61 3.0 2.83 2.0 2.24 1.0 2.0 0.0 2.24 1.0 2.83 2.0 3.61 3.0 4.47 4.0 5.39 5.0 6.32 6.0 7.28 7.0 8.25 8.0 9.22 9.0 10.2 10.0 42.72 44.64 43.01 44.92 8.06 7.28 22.85 24.7 26.02 26.02 54.12 53.6 
30.08 30.68 31.05 31.62 32.02 32.57 32.98 33.53 33.96 34.48 29.0 29.07 28.0 28.07 27.0 27.07 26.0 26.08 25.0 25.08 24.0 24.08 23.0 23.09 22.0 22.09 21.0 21.1 20.0 20.1 19.0 19.1 18.0 18.11 17.0 17.12 16.0 16.12 15.0 15.13 14.0 14.14 13.0 13.15 12.0 12.17 11.0 11.18 10.0 10.2 9.0 9.22 8.0 8.25 7.0 7.28 6.0 6.32 5.0 5.39 4.0 4.47 3.0 3.61 2.0 2.83 1.0 2.24 0.0 2.0 1.0 2.24 2.0 2.83 3.0 3.61 4.0 4.47 5.0 5.39 6.0 6.32 7.0 7.28 8.0 8.25 9.0 9.22 42.38 44.27 42.72 44.6 7.07 5.83 21.19 23.09 28.07 28.0 54.57 54.13 
29.61 30.08 30.59 31.05 31.58 32.02 32.56 32.98 33.54 33.96 29.07 29.0 28.07 28.0 27.07 27.0 26.08 26.0 25.08 25.0 24.08 24.0 23.09 23.0 22.09 22.0 21.1 21.0 20.1 20.0 19.1 19.0 18.11 18.0 17.12 17.0 16.12 16.0 15.13 15.0 14.14 14.0 13.15 13.0 12.17 12.0 11.18 11.0 10.2 10.0 9.22 9.0 8.25 8.0 7.28 7.0 6.32 6.0 5.39 5.0 4.47 4.0 3.61 3.0 2.83 2.0 2.24 1.0 2.0 0.0 2.24 1.0 2.83 2.0 3.61 3.0 4.47 4.0 5.39 5.0 6.32 6.0 7.28 7.0 8.25 8.0 9.22 9.0 41.76 43.68 42.06 43.97 8.6 7.62 21.93 23.77 26.08 26.0 55.08 54.57 
29.12 29.73 30.08 30.68 31.05 31.62 32.02 32.57 32.98 33.53 30.0 30.07 29.0 29.07 28.0 28.07 27.0 27.07 26.0 26.08 25.0 25.08 24.0 24.08 23.0 23.09 22.0 22.09 21.0 21.1 20.0 20.1 19.0 19.1 18.0 18.11 17.0 17.12 16.0 16.12 15.0 15.13 14.0 14.14 13.0 13.15 12.0 12.17 11.0 11.18 10.0 10.2 9.0 9.22 8.0 8.25 7.0 7.28 6.0 6.32 5.0 5.39 4.0 4.47 3.0 3.61 2.0 2.83 1.0 2.24 0.0 2.0 1.0 2.24 2.0 2.83 3.0 3.61 4.0 4.47 5.0 5.39 6.0 6.32 7.0 7.28 8.0 8.25 41.44 43.32 41.79 43.66 7.81 6.4 20.25 22.14 28.16 28.02 55.54 55.11 
28.64 29.12 29.61 30.08 30.59 31.05 31.58 32.02 32.56 32.98 30.07 30.0 29.07 29.0 28.07 28.0 27.07 27.0 26.08 26.0 25.08 25.0 24.08 24.0 23.09 23.0 22.09 22.0 21.1 21.0 20.1 20.0 19.1 19.0 18.11 18.0 17.12 17.0 16.12 16.0 15.13 15.0 14.14 14.0 13.15 13.0 12.17 12.0 11.18 11.0 10.2 10.0 9.22 9.0 8.25 8.0 7.28 7.0 6.32 6.0 5.39 5.0 4.47 4.0 3.61 3.0 2.83 2.0 2.24 1.0 2.0 0.0 2.24 1.0 2.83 2.0 3.61 3.0 4.47 4.0 5.39 5.0 6.32 6.0 7.28 7.0 8.25 8.0 40.8 42.72 41.11 43.01 9.22 8.06 21.02 22.85 26.17 26.02 56.04 55.54 
28.16 28.79 29.12 29.73 30.08 30.68 31.05 31.62 32.02 32.57 31.0 31.06 30.0 30.07 29.0 29.07 28.0 28.07 27.0 27.07 26.0 26.08 25.0 25.08 24.0 24.08 23.0 23.09 22.0 22.09 21.0 21.1 20.0 20.1 19.0 19.1 18.0 18.11 17.0 17.12 16.0 16.12 15.0 15.13 14.0 14.14 13.0 13.15 12.0 12.17 11.0 11.18 10.0 10.2 9.0 9.22 8.0 8.25 7.0 7.28 6.0 6.32 5.0 5.39 4.0 4.47 3.0 3.61 2.0 2.83 1.0 2.24 0.0 2.0 1.0 2.24 2.0 2.83 3.0 3.61 4.0 4.47 5.0 5.39 6.0 6.32 7.0 7.28 40.5 42.38 40.85 42.72 8.6 7.07 19.31 21.19 28.28 28.07 56.52 56.09 
27.66 28.16 28.64 29.12 29.61 30.08 30.59 31.05 31.58 32.02 31.06 31.0 30.07 30.0 29.07 29.0 28.07 28.0 27.07 27.0 26.08 26.0 25.08 25.0 24.08 24.0 23.09 23.0 22.09 22.0 21.1 21.0 20.1 20.0 19.1 19.0 18.11 18.0 17.12 17.0 16.12 16.0 15.13 15.0 14.14 14.0 13.15 13.0 12.17 12.0 11.18 11.0 10.2 10.0 9.22 9.0 8.25 8.0 7.28 7.0 6.32 6.0 5.39 5.0 4.47 4.0 3.61 3.0 2.83 2.0 2.24 1.0 2.0 0.0 2.24 1.0 2.83 2.0 3.61 3.0 4.47 4.0 5.39 5.0 6.32 6.0 7.28 7.0 39.85 41.76 40.16 42.06 9.9 8.6 20.12 21.93 26.31 26.08 57.01 56.52 
27.2 27.86 28.16 28.79 29.12 29.73 30.08 30.68 31.05 31.62 32.0 32.06 31.0 31.06 30.0 30.07 29.0 29.07 28.0 28.07 27.0 27.07 26.0 26.08 25.0 25.08 24.0 24.08 23.0 23.09 22.0 22.09 21.0 21.1 20.0 20.1 19.0 19.1 18.0 18.11 17.0 17.12 16.0 16.12 15.0 15.13 14.0 14.14 13.0 13.15 12.0 12.17 11.0 11.18 10.0 10.2 9.0 9.22 8.0 8.25 7.0 7.28 6.0 6.32 5.0 5.39 4.0 4.47 3.0 3.61 2.0 2.83 1.0 2.24 0.0 2.0 1.0 2.24 2.0 2.83 3.0 3.61 4.0 4.47 5.0 5.39 6.0 6.32 39.56 41.44 39.92 41.79 9.43 7.81 18.38 20.25 28.44 28.16 57.49 57.07 
26.68 27.2 27.66 28.16 28.64 29.12 29.61 30.08 30.59 31.05 32.06 32.0 31.06 31.0 30.07 30.0 29.07 29.0 28.07 28.0 27.07 27.0 26.08 26.0 25.08 25.0 24.08 24.0 23.09 23.0 22.09 22.0 21.1 21.0 20.1 20.0 19.1 19.0 18.11 18.0 17.12 17.0 16.12 16.0 15.13 15.0 14.14 14.0 13.15 13.0 12.17 12.0 11.18 11.0 10.2 10.0 9.22 9.0 8.25 8.0 7.28 7.0 6.32 6.0 5.39 5.0 4.47 4.0 3.61 3.0 2.83 2.0 2.24 1.0 2.0 0.0 2.24 1.0 2.83 2.0 3.61 3.0 4.47 4.0 5.39 5.0 6.32 6.0 38.9 40.8 39.22 41.11 10.63 9.22 19.24 21.02 26.48 26.17 57.97 57.49 
26.25 26.93 27.2 27.86 28.16 28.79 29.12 29.73 30.08 30.68 33.0 33.06 32.0 32.06 31.0 31.06 30.0 30.07 29.0 29.07 28.0 28.07 27.0 27.07 26.0 26.08 25.0 25.08 24.0 24.08 23.0 23.09 22.0 22.09 21.0 21.1 20.0 20.1 19.0 19.1 18.0 18.11 17.0 17.12 16.0 16.12 15.0 15.13 14.0 14.14 13.0 13.15 12.0 12.17 11.0 11.18 10.0 10.2 9.0 9.22 8.0 8.25 7.0 7.28 6.0 6.32 5.0 5.39 4.0 4.47 3.0 3.61 2.0 2.83 1.0 2.24 0.0 2.0 1.0 2.24 2.0 2.83 3.0 3.61 4.0 4.47 5.0 5.39 38.63 40.5 39.0 40.85 10.3 8.6 17.46 19.31 28.64 28.28 58.46 58.05 
25.71 26.25 26.68 27.2 27.66 28.16 28.64 29.12 29.61 30.08 33.06 33.0 32.06 32.0 31.06 31.0 30.07 30.0 29.07 29.0 28.07 28.0 27.07 27.0 26.08 26.0 25.08 25.0 24.08 24.0 23.09 23.0 22.09 22.0 21.1 21.0 20.1 20.0 19.1 19.0 18.11 18.0 17.12 17.0 16.12 16.0 15.13 15.0 14.14 14.0 13.15 13.0 12.17 12.0 11.18 11.0 10.2 10.0 9.22 9.0 8.25 8.0 7.28 7.0 6.32 6.0 5.39 5.0 4.47 4.0 3.61 3.0 2.83 2.0 2.24 1.0 2.0 0.0 2.24 1.0 2.83 2.0 3.61 3.0 4.47 4.0 5.39 5.0 37.95 39.85 38.28 40.16 11.4 9.9 18.36 20.12 26.68 26.31 58.94 58.46 
25.3 26.0 26.25 26.93 27.2 27.86 28.16 28.79 29.12 29.73 34.0 34.06 33.0 33.06 32.0 32.06 31.0 31.06 30.0 30.07 29.0 29.07 28.0 28.07 27.0 27.07 26.0 26.08 25.0 25.08 24.0 24.08 23.0 23.09 22.0 22.09 21.0 21.1 20.0 20.1 19.0 19.1 18.0 18.11 17.0 17.12 16.0 16.12 15.0 15.13 14.0 14.14 13.0 13.15 12.0 12.17 11.0 11.18 10.0 10.2 9.0 9.22 8.0 8.25 7.0 7.28 6.0 6.32 5.0 5.39 4.0 4.47 3.0 3.61 2.0 2.83 1.0 2.24 0.0 2.0 1.0 2.24 2.0 2.83 3.0 3.61 4.0 4.47 37.7 39.56 38.08 39.92 11.18 9.43 16.55 18.38 28.86 28.44 59.44 59.03 
24.74 25.3 25.71 26.25 26.68 27.2 27.66 28.16 28.64 29.12 34.06 34.0 33.06 33.0 32.06 32.0 31.06 31.0 30.07 30.0 29.07 29.0 28.07 28.0 27.07 27.0 26.08 26.0 25.08 25.0 24.08 24.0 23.09 23.0 22.09 22.0 21.1 21.0 20.1 20.0 19.1 19.0 18.11 18.0 17.12 17.0 16.12 16.0 15.13 15.0 14.14 14.0 13.15 13.0 12.17 12.0 11.18 11.0 10.2 10.0 9.22 9.0 8.25 8.0 7.28 7.0 6.32 6.0 5.39 5.0 4.47 4.0 3.61 3.0 2.83 2.0 2.24 1.0 2.0 0.0 2.24 1.0 2.83 2.0 3.61 3.0 4.47 4.0 37.0 38.9 37.34 39.22 12.21 10.63 17.49 19.24 26.93 26.48 59.91 59.44 
24.35 25.08 25.3 26.0 26.25 26.93 27.2 27.86 28.16 28.79 35.0 35.06 34.0 34.06 33.0 33.06 32.0 32.06 31.0 31.06 30.0 30.07 29.0 29.07 28.0 28.07 27.0 27.07 26.0 26.08 25.0 25.08 24.0 24.08 23.0 23.09 22.0 22.09 21.0 21.1 20.0 20.1 19.0 19.1 18.0 18.11 17.0 17.12 16.0 16.12 15.0 15.13 14.0 14.14 13.0 13.15 12.0 12.17 11.0 11.18 10.0 10.2 9.0 9.22 8.0 8.25 7.0 7.28 6.0 6.32 5.0 5.39 4.0 4.47 3.0 3.61 2.0 2.83 1.0 2.24 0.0 2.0 1.0 2.24 2.0 2.83 3.0 3.61 36.77 38.63 37.16 39.0 12.08 10.3 15.65 17.46 29.12 28.64 60.42 60.02 
23.77 24.35 24.74 25.3 25.71 26.25 26.68 27.2 27.66 28.16 35.06 35.0 34.06 34.0 33.06 33.0 32.06 32.0 31.06 31.0 30.07 30.0 29.07 29.0 28.07 28.0 27.07 27.0 26.08 26.0 25.08 25.0 24.08 24.0 23.09 23.0 22.09 22.0 21.1 21.0 20.1 20.0 19.1 19.0 18.11 18.0 17.12 17.0 16.12 16.0 15.13 15.0 14.14 14.0 13.15 13.0 12.17 12.0 11.18 11.0 10.2 10.0 9.22 9.0 8.25 8.0 7.28 7.0 6.32 6.0 5.39 5.0 4.47 4.0 3.61 3.0 2.83 2.0 2.24 1.0 2.0 0.0 2.24 1.0 2.83 2.0 3.61 3.0 36.06 37.95 36.4 38.28 13.04 11.4 16.64 18.36 27.2 26.68 60.88 60.42 
23.41 24.17 24.35 25.08 25.3 26.0 26.25 26.93 27.2 27.86 36.0 36.06 35.0 35.06 34.0 34.06 33.0 33.06 32.0 32.06 31.0 31.06 30.0 30.07 29.0 29.07 28.0 28.07 27.0 27.07 26.0 26.08 25.0 25.08 24.0 24.08 23.0 23.09 22.0 22.09 21.0 21.1 20.0 20.1 19.0 19.1 18.0 18.11 17.0 17.12 16.0 16.12 15.0 15.13 14.0 14.14 13.0 13.15 12.0 12.17 11.0 11.18 10.0 10.2 9.0 9.22 8.0 8.25 7.0 7.28 6.0 6.32 5.0 5.39 4.0 4.47 3.0 3.61 2.0 2.83 1.0 2.24 0.0 2.0 1.0 2.24 2.0 2.83 35.85 37.7 36.25 38.08 13.0 11.18 14.76 16.55 29.41 28.86 61.39 61.0 
22.8 23.41 23.77 24.35 24.74 25.3 25.71 26.25 26.68 27.2 36.06 36.0 35.06 35.0 34.06 34.0 33.06 33.0 32.06 32.0 31.06 31.0 30.07 30.0 29.07 29.0 28.07 28.0 27.07 27.0 26.08 26.0 25.08 25.0 24.08 24.0 23.09 23.0 22.09 22.0 21.1 21.0 20.1 20.0 19.1 19.0 18.11 18.0 17.12 17.0 16.12 16.0 15.13 15.0 14.14 14.0 13.15 13.0 12.17 12.0 11.18 11.0 10.2 10.0 9.22 9.0 8.25 8.0 7.28 7.0 6.32 6.0 5.39 5.0 4.47 4.0 3.61 3.0 2.83 2.0 2.24 1.0 2.0 0.0 2.24 1.0 2.83 2.0 35.11 37.0 35.47 37.34 13.89 12.21 15.81 17.49 27.51 26.93 61.85 61.39 
22.47 23.26 23.41 24.17 24.35 25.08 25.3 26.0 26.25 26.93 37.0 37.05 36.0 36.06 35.0 35.06 34.0 34.06 33.0 33.06 32.0 32.06 31.0 31.06 30.0 30.07 29.0 29.07 28.0 28.07 27.0 27.07 26.0 26.08 25.0 25.08 24.0 24.08 23.0 23.09 22.0 22.09 21.0 21.1 20.0 20.1 19.0 19.1 18.0 18.11 17.0 17.12 16.0 16.12 15.0 15.13 14.0 14.14 13.0 13.15 12.0 12.17 11.0 11.18 10.0 10.2 9.0 9.22 8.0 8.25 7.0 7.28 6.0 6.32 5.0 5.39 4.0 4.47 3.0 3.61 2.0 2.83 1.0 2.24 0.0 2.0 1.0 2.24 34.93 36.77 35.34 37.16 13.93 12.08 13.89 15.65 29.73 29.12 62.37 61.98 
21.84 22.47 22.8 23.41 23.77 24.35 24.74 25.3 25.71 26.25 37.05 37.0 36.06 36.0 35.06 35.0 34.06 34.0 33.06 33.0 32.06 32.0 31.06 31.0 30.07 30.0 29.07 29.0 28.07 28.0 27.07 27.0 26.08 26.0 25.08 25.0 24.08 24.0 23.09 23.0 22.09 22.0 21.1 21.0 20.1 20.0 19.1 19.0 18.11 18.0 17.12 17.0 16.12 16.0 15.13 15.0 14.14 14.0 13.15 13.0 12.17 12.0 11.18 11.0 10.2 10.0 9.22 9.0 8.25 8.0 7.28 7.0 6.32 6.0 5.39 5.0 4.47 4.0 3.61 3.0 2.83 2.0 2.24 1.0 2.0 0.0 2.24 1.0 34.18 36.06 34.54 36.4 14.76 13.04 15.0 16.64 27.86 27.2 62.82 62.37 
21.54 22.36 22.47 23.26 23.41 24.17 24.35 25.08 25.3 26.0 38.0 38.05 37.0 37.05 36.0 36.06 35.0 35.06 34.0 34.06 33.0 33.06 32.0 32.06 31.0 31.06 30.0 30.07 29.0 29.07 28.0 28.07 27.0 27.07 26.0 26.08 25.0 25.08 24.0 24.08 23.0 23.09 22.0 22.09 21.0 21.1 20.0 20.1 19.0 19.1 18.0 18.11 17.0 17.12 16.0 16.12 15.0 15.13 14.0 14.14 13.0 13.15 12.0 12.17 11.0 11.18 10.0 10.2 9.0 9.22 8.0 8.25 7.0 7.28 6.0 6.32 5.0 5.39 4.0 4.47 3.0 3.61 2.0 2.83 1.0 2.24 0.0 2.0 34.01 35.85 34.44 36.25 14.87 13.0 13.04 14.76 30.08 29.41 63.35 62.97 
20.88 21.54 21.84 22.47 22.8 23.41 23.77 24.35 24.74 25.3 38.05 38.0 37.05 37.0 36.06 36.0 35.06 35.0 34.06 34.0 33.06 33.0 32.06 32.0 31.06 31.0 30.07 30.0 29.07 29.0 28.07 28.0 27.07 27.0 26.08 26.0 25.08 25.0 24.08 24.0 23.09 23.0 22.09 22.0 21.1 21.0 20.1 20.0 19.1 19.0 18.11 18.0 17.12 17.0 16.12 16.0 15.13 15.0 14.14 14.0 13.15 13.0 12.17 12.0 11.18 11.0 10.2 10.0 9.22 9.0 8.25 8.0 7.28 7.0 6.32 6.0 5.39 5.0 4.47 4.0 3.61 3.0 2.83 2.0 2.24 1.0 2.0 0.0 33.24 35.11 33.62 35.47 15.65 13.89 14.21 15.81 28.23 27.51 63.79 63.35 
12.53 11.7 11.66 10.77 10.82 9.85 10.0 8.94 9.22 8.06 70.41 70.04 69.43 69.05 68.45 68.07 67.47 67.08 66.49 66.1 65.51 65.12 64.54 64.13 63.56 63.15 62.59 62.17 61.61 61.19 60.64 60.21 59.67 59.23 58.69 58.25 57.72 57.27 56.75 56.29 55.79 55.32 54.82 54.34 53.85 53.37 52.89 52.39 51.92 51.42 50.96 50.45 50.0 49.48 49.04 48.51 48.08 47.54 47.13 46.57 46.17 45.61 45.22 44.64 44.27 43.68 43.32 42.72 42.38 41.76 41.44 40.8 40.5 39.85 39.56 38.9 38.63 37.95 37.7 37.0 36.77 36.06 35.85 35.11 34.93 34.18 34.01 33.24 0.0 2.0 1.0 2.24 48.85 47.01 29.0 27.66 44.27 42.38 96.84 96.3 
14.32 13.6 13.42 12.65 12.53 11.7 11.66 10.77 10.82 9.85 72.37 72.01 71.39 71.02 70.41 70.04 69.43 69.05 68.45 68.07 67.47 67.08 66.49 66.1 65.51 65.12 64.54 64.13 63.56 63.15 62.59 62.17 61.61 61.19 60.64 60.21 59.67 59.23 58.69 58.25 57.72 57.27 56.75 56.29 55.79 55.32 54.82 54.34 53.85 53.37 52.89 52.39 51.92 51.42 50.96 50.45 50.0 49.48 49.04 48.51 48.08 47.54 47.13 46.57 46.17 45.61 45.22 44.64 44.27 43.68 43.32 42.72 42.38 41.76 41.44 40.8 40.5 39.85 39.56 38.9 38.63 37.95 37.7 37.0 36.77 36.06 35.85 35.11 2.0 0.0 2.24 1.0 50.7 48.85 30.41 29.0 46.17 44.27 98.76 98.23 
13.04 12.08 12.21 11.18 11.4 10.3 10.63 9.43 9.9 8.6 70.61 70.21 69.63 69.23 68.66 68.25 67.68 67.27 66.71 66.29 65.73 65.31 64.76 64.33 63.79 63.35 62.82 62.37 61.85 61.39 60.88 60.42 59.91 59.44 58.94 58.46 57.97 57.49 57.01 56.52 56.04 55.54 55.08 54.57 54.12 53.6 53.16 52.63 52.2 51.66 51.24 50.7 50.29 49.73 49.34 48.76 48.38 47.8 47.43 46.84 46.49 45.88 45.54 44.92 44.6 43.97 43.66 43.01 42.72 42.06 41.79 41.11 40.85 40.16 39.92 39.22 39.0 38.28 38.08 37.34 37.16 36.4 36.25 35.47 35.34 34.54 34.44 33.62 1.0 2.24 0.0 2.0 49.24 47.42 29.73 28.43 43.97 42.06 97.12 96.57 
14.76 13.93 13.89 13.0 13.04 12.08 12.21 11.18 11.4 10.3 72.57 72.18 71.59 71.2 70.61 70.21 69.63 69.23 68.66 68.25 67.68 67.27 66.71 66.29 65.73 65.31 64.76 64.33 63.79 63.35 62.82 62.37 61.85 61.39 60.88 60.42 59.91 59.44 58.94 58.46 57.97 57.49 57.01 56.52 56.04 55.54 55.08 54.57 54.12 53.6 53.16 52.63 52.2 51.66 51.24 50.7 50.29 49.73 49.34 48.76 48.38 47.8 47.43 46.84 46.49 45.88 45.54 44.92 44.6 43.97 43.66 43.01 42.72 42.06 41.79 41.11 40.85 40.16 39.92 39.22 39.0 38.28 38.08 37.34 37.16 36.4 36.25 35.47 2.24 1.0 2.0 0.0 51.08 49.24 31.11 29.73 45.88 43.97 99.04 98.49 
36.4 37.16 37.34 38.08 38.28 39.0 39.22 39.92 40.16 40.85 24.52 25.0 23.54 24.04 22.56 23.09 21.59 22.14 20.62 21.19 19.65 20.25 18.68 19.31 17.72 18.38 16.76 17.46 15.81 16.55 14.87 15.65 13.93 14.76 13.0 13.89 12.08 13.04 11.18 12.21 10.3 11.4 9.43 10.63 8.6 9.9 7.81 9.22 7.07 8.6 6.4 8.06 5.83 7.62 5.39 7.28 5.1 7.07 5.0 7.0 5.1 7.07 5.39 7.28 5.83 7.62 6.4 8.06 7.07 8.6 7.81 9.22 8.6 9.9 9.43 10.63 10.3 11.4 11.18 12.21 12.08 13.04 13.0 13.89 13.93 14.76 14.87 15.65 48.85 50.7 49.24 51.08 0.0 2.0 25.08 27.07 33.14 33.38 48.66 48.37 
34.54 35.34 35.47 36.25 36.4 37.16 37.34 38.08 38.28 39.0 26.48 26.93 25.5 25.96 24.52 25.0 23.54 24.04 22.56 23.09 21.59 22.14 20.62 21.19 19.65 20.25 18.68 19.31 17.72 18.38 16.76 17.46 15.81 16.55 14.87 15.65 13.93 14.76 13.0 13.89 12.08 13.04 11.18 12.21 10.3 11.4 9.43 10.63 8.6 9.9 7.81 9.22 7.07 8.6 6.4 8.06 5.83 7.62 5.39 7.28 5.1 7.07 5.0 7.0 5.1 7.07 5.39 7.28 5.83 7.62 6.4 8.06 7.07 8.6 7.81 9.22 8.6 9.9 9.43 10.63 10.3 11.4 11.18 12.21 12.08 13.04 13.0 13.89 47.01 48.85 47.42 49.24 2.0 0.0 23.09 25.08 33.02 33.14 50.64 50.36 
17.49 19.24 18.03 19.72 18.6 20.25 19.21 20.81 19.85 21.4 49.5 49.82 48.51 48.84 47.52 47.85 46.53 46.87 45.54 45.89 44.55 44.91 43.57 43.93 42.58 42.95 41.59 41.98 40.61 41.0 39.62 40.02 38.64 39.05 37.66 38.08 36.67 37.11 35.69 36.14 34.71 35.17 33.73 34.21 32.76 33.24 31.78 32.28 30.81 31.32 29.83 30.36 28.86 29.41 27.89 28.46 26.93 27.51 25.96 26.57 25.0 25.63 24.04 24.7 23.09 23.77 22.14 22.85 21.19 21.93 20.25 21.02 19.31 20.12 18.38 19.24 17.46 18.36 16.55 17.49 15.65 16.64 14.76 15.81 13.89 15.0 13.04 14.21 29.0 30.41 29.73 31.11 25.08 23.09 0.0 2.0 41.34 40.31 73.25 73.11 
16.55 18.38 17.0 18.79 17.49 19.24 18.03 19.72 18.6 20.25 51.48 51.79 50.49 50.8 49.5 49.82 48.51 48.84 47.52 47.85 46.53 46.87 45.54 45.89 44.55 44.91 43.57 43.93 42.58 42.95 41.59 41.98 40.61 41.0 39.62 40.02 38.64 39.05 37.66 38.08 36.67 37.11 35.69 36.14 34.71 35.17 33.73 34.21 32.76 33.24 31.78 32.28 30.81 31.32 29.83 30.36 28.86 29.41 27.89 28.46 26.93 27.51 25.96 26.57 25.0 25.63 24.04 24.7 23.09 23.77 22.14 22.85 21.19 21.93 20.25 21.02 19.31 20.12 18.38 19.24 17.46 18.36 16.55 17.49 15.65 16.64 14.76 15.81 27.66 29.0 28.43 29.73 27.07 25.08 2.0 0.0 42.44 41.34 75.24 75.11 
36.89 35.85 37.74 36.72 38.59 37.59 39.45 38.47 40.31 39.36 38.9 37.48 38.21 36.77 37.54 36.07 36.88 35.38 36.24 34.71 35.61 34.06 35.0 33.42 34.41 32.8 33.84 32.2 33.29 31.62 32.76 31.06 32.25 30.53 31.76 30.02 31.3 29.53 30.87 29.07 30.46 28.64 30.08 28.23 29.73 27.86 29.41 27.51 29.12 27.2 28.86 26.93 28.64 26.68 28.44 26.48 28.28 26.31 28.16 26.17 28.07 26.08 28.02 26.02 28.0 26.0 28.02 26.02 28.07 26.08 28.16 26.17 28.28 26.31 28.44 26.48 28.64 26.68 28.86 26.93 29.12 27.2 29.41 27.51 29.73 27.86 30.08 28.23 44.27 46.17 43.97 45.88 33.14 33.02 41.34 42.44 0.0 2.0 65.44 64.2 
35.23 34.13 36.06 34.99 36.89 35.85 37.74 36.72 38.59 37.59 40.31 38.95 39.6 38.21 38.9 37.48 38.21 36.77 37.54 36.07 36.88 35.38 36.24 34.71 35.61 34.06 35.0 33.42 34.41 32.8 33.84 32.2 33.29 31.62 32.76 31.06 32.25 30.53 31.76 30.02 31.3 29.53 30.87 29.07 30.46 28.64 30.08 28.23 29.73 27.86 29.41 27.51 29.12 27.2 28.86 26.93 28.64 26.68 28.44 26.48 28.28 26.31 28.16 26.17 28.07 26.08 28.02 26.02 28.0 26.0 28.02 26.02 28.07 26.08 28.16 26.17 28.28 26.31 28.44 26.48 28.64 26.68 28.86 26.93 29.12 27.2 29.41 27.51 42.38 44.27 42.06 43.97 33.38 33.14 40.31 41.34 2.0 0.0 67.01 65.8 
84.65 85.16 85.62 86.13 86.59 87.09 87.56 88.06 88.53 89.02 27.29 28.3 28.18 29.15 29.07 30.02 29.97 30.89 30.87 31.76 31.78 32.65 32.7 33.54 33.62 34.44 34.54 35.34 35.47 36.25 36.4 37.16 37.34 38.08 38.28 39.0 39.22 39.92 40.16 40.85 41.11 41.79 42.06 42.72 43.01 43.66 43.97 44.6 44.92 45.54 45.88 46.49 46.84 47.43 47.8 48.38 48.76 49.34 49.73 50.29 50.7 51.24 51.66 52.2 52.63 53.16 53.6 54.12 54.57 55.08 55.54 56.04 56.52 57.01 57.49 57.97 58.46 58.94 59.44 59.91 60.42 60.88 61.39 61.85 62.37 62.82 63.35 63.79 96.84 98.76 97.12 99.04 48.66 50.64 73.25 75.24 65.44 67.01 0.0 2.0 
84.17 84.65 85.15 85.62 86.12 86.59 87.1 87.56 88.07 88.53 26.4 27.29 27.31 28.18 28.23 29.07 29.15 29.97 30.08 30.87 31.02 31.78 31.95 32.7 32.89 33.62 33.84 34.54 34.79 35.47 35.74 36.4 36.69 37.34 37.64 38.28 38.6 39.22 39.56 40.16 40.52 41.11 41.48 42.06 42.45 43.01 43.42 43.97 44.38 44.92 45.35 45.88 46.32 46.84 47.3 47.8 48.27 48.76 49.24 49.73 50.22 50.7 51.2 51.66 52.17 52.63 53.15 53.6 54.13 54.57 55.11 55.54 56.09 56.52 57.07 57.49 58.05 58.46 59.03 59.44 60.02 60.42 61.0 61.39 61.98 62.37 62.97 63.35 96.3 98.23 96.57 98.49 48.37 50.36 73.11 75.11 64.2 65.8 2.0 0.0 
