100
0.0 2.0 1.0 2.24 2.0 2.83 3.0 3.61 4.0 4.47 5.0 5.39 6.0 6.32 7.0 7.28 8.0 8.25 9.0 9.22 10.0 10.2 11.0 11.18 12.0 12.17 13.0 13.15 14.0 14.14 15.0 15.13 16.0 16.12 17.0 17.12 18.0 18.11 19.0 19.1 20.0 20.1 21.0 21.1 39.7 38.42 38.95 37.64 38.21 36.88 37.48 36.12 36.77 35.38 36.07 34.66 35.38 33.94 34.71 33.24 34.06 32.56 33.42 31.89 15.26 13.6 15.81 14.21 16.4 14.87 17.03 15.56 17.69 16.28 35.23 34.13 30.0 28.84 30.81 29.68 44.28 44.1 72.42 70.8 12.65 12.17 42.19 40.2 36.67 35.85 37.22 37.05 70.84 68.95 45.62 44.78 16.28 14.32 51.66 52.2 
2.0 0.0 2.24 1.0 2.83 2.0 3.61 3.0 4.47 4.0 5.39 5.0 6.32 6.0 7.28 7.0 8.25 8.0 9.22 9.0 10.2 10.0 11.18 11.0 12.17 12.0 13.15 13.0 14.14 14.0 15.13 15.0 16.12 16.0 17.12 17.0 18.11 18.0 19.1 19.0 20.1 20.0 21.1 21.0 41.04 39.7 40.31 38.95 39.6 38.21 38.9 37.48 38.21 36.77 37.54 36.07 36.88 35.38 36.24 34.71 35.61 34.06 35.0 33.42 17.0 15.26 17.49 15.81 18.03 16.4 18.6 17.03 19.21 17.69 36.89 35.85 31.24 30.0 32.02 30.81 44.55 44.28 74.06 72.42 10.77 10.2 44.18 42.19 37.59 36.67 37.48 37.22 72.73 70.84 46.53 45.62 16.76 14.87 53.6 54.12 
1.0 2.24 0.0 2.0 1.0 2.24 2.0 2.83 3.0 3.61 4.0 4.47 5.0 5.39 6.0 6.32 7.0 7.28 8.0 8.25 9.0 9.22 10.0 10.2 11.0 11.18 12.0 12.17 13.0 13.15 14.0 14.14 15.0 15.13 16.0 16.12 17.0 17.12 18.0 18.11 19.0 19.1 20.0 20.1 40.46 39.2 39.7 38.42 38.95 37.64 38.21 36.88 37.48 36.12 36.77 35.38 36.07 34.66 35.38 33.94 34.71 33.24 34.06 32.56 14.76 13.04 15.26 13.6 15.81 14.21 16.4 14.87 17.03 15.56 35.81 34.67 29.21 28.02 30.0 28.84 45.28 45.1 73.01 71.4 13.0 12.37 42.11 40.11 37.58 36.77 38.21 38.05 70.52 68.62 46.52 45.69 17.26 15.3 51.42 51.92 
2.24 1.0 2.0 0.0 2.24 1.0 2.83 2.0 3.61 3.0 4.47 4.0 5.39 5.0 6.32 6.0 7.28 7.0 8.25 8.0 9.22 9.0 10.2 10.0 11.18 11.0 12.17 12.0 13.15 13.0 14.14 14.0 15.13 15.0 16.12 16.0 17.12 17.0 18.11 18.0 19.1 19.0 20.1 20.0 41.77 40.46 41.04 39.7 40.31 38.95 39.6 38.21 38.9 37.48 38.21 36.77 37.54 36.07 36.88 35.38 36.24 34.71 35.61 34.06 16.55 14.76 17.0 15.26 17.49 15.81 18.03 16.4 18.6 17.03 37.44 36.36 30.48 29.21 31.24 30.0 45.54 45.28 74.63 73.01 11.18 10.44 44.1 42.11 38.47 37.58 38.47 38.21 72.42 70.52 47.41 46.52 17.72 15.81 53.37 53.85 
2.0 2.83 1.0 2.24 0.0 2.0 1.0 2.24 2.0 2.83 3.0 3.61 4.0 4.47 5.0 5.39 6.0 6.32 7.0 7.28 8.0 8.25 9.0 9.22 10.0 10.2 11.0 11.18 12.0 12.17 13.0 13.15 14.0 14.14 15.0 15.13 16.0 16.12 17.0 17.12 18.0 18.11 19.0 19.1 41.23 40.0 40.46 39.2 39.7 38.42 38.95 37.64 38.21 36.88 37.48 36.12 36.77 35.38 36.07 34.66 35.38 33.94 34.71 33.24 14.32 12.53 14.76 13.04 15.26 13.6 15.81 14.21 16.4 14.87 36.4 35.23 28.43 27.2 29.21 28.02 46.27 46.1 73.6 72.01 13.42 12.65 42.05 40.05 38.48 37.7 39.2 39.05 70.21 68.31 47.42 46.62 18.25 16.28 51.2 51.66 
2.83 2.0 2.24 1.0 2.0 0.0 2.24 1.0 2.83 2.0 3.61 3.0 4.47 4.0 5.39 5.0 6.32 6.0 7.28 7.0 8.25 8.0 9.22 9.0 10.2 10.0 11.18 11.0 12.17 12.0 13.15 13.0 14.14 14.0 15.13 15.0 16.12 16.0 17.12 17.0 18.11 18.0 19.1 19.0 42.52 41.23 41.77 40.46 41.04 39.7 40.31 38.95 39.6 38.21 38.9 37.48 38.21 36.77 37.54 36.07 36.88 35.38 36.24 34.71 16.16 14.32 16.55 14.76 17.0 15.26 17.49 15.81 18.03 16.4 38.01 36.89 29.73 28.43 30.48 29.21 46.53 46.27 75.21 73.6 11.66 10.77 44.05 42.05 39.36 38.48 39.46 39.2 72.12 70.21 48.3 47.42 18.68 16.76 53.15 53.6 
3.0 3.61 2.0 2.83 1.0 2.24 0.0 2.0 1.0 2.24 2.0 2.83 3.0 3.61 4.0 4.47 5.0 5.39 6.0 6.32 7.0 7.28 8.0 8.25 9.0 9.22 10.0 10.2 11.0 11.18 12.0 12.17 13.0 13.15 14.0 14.14 15.0 15.13 16.0 16.12 17.0 17.12 18.0 18.11 42.01 40.8 41.23 40.0 40.46 39.2 39.7 38.42 38.95 37.64 38.21 36.88 37.48 36.12 36.77 35.38 36.07 34.66 35.38 33.94 13.93 12.08 14.32 12.53 14.76 13.04 15.26 13.6 15.81 14.21 37.01 35.81 27.66 26.4 28.43 27.2 47.27 47.1 74.2 72.62 13.89 13.0 42.01 40.01 39.4 38.63 40.2 40.05 69.92 68.01 48.33 47.54 19.24 17.26 50.99 51.42 
3.61 3.0 2.83 2.0 2.24 1.0 2.0 0.0 2.24 1.0 2.83 2.0 3.61 3.0 4.47 4.0 5.39 5.0 6.32 6.0 7.28 7.0 8.25 8.0 9.22 9.0 10.2 10.0 11.18 11.0 12.17 12.0 13.15 13.0 14.14 14.0 15.13 15.0 16.12 16.0 17.12 17.0 18.11 18.0 43.28 42.01 42.52 41.23 41.77 40.46 41.04 39.7 40.31 38.95 39.6 38.21 38.9 37.48 38.21 36.77 37.54 36.07 36.88 35.38 15.81 13.93 16.16 14.32 16.55 14.76 17.0 15.26 17.49 15.81 38.6 37.44 29.0 27.66 29.73 28.43 47.52 47.27 75.8 74.2 12.21 11.18 44.01 42.01 40.25 39.4 40.45 40.2 71.84 69.92 49.19 48.33 19.65 17.72 52.95 53.37 
4.0 4.47 3.0 3.61 2.0 2.83 1.0 2.24 0.0 2.0 1.0 2.24 2.0 2.83 3.0 3.61 4.0 4.47 5.0 5.39 6.0 6.32 7.0 7.28 8.0 8.25 9.0 9.22 10.0 10.2 11.0 11.18 12.0 12.17 13.0 13.15 14.0 14.14 15.0 15.13 16.0 16.12 17.0 17.12 42.8 41.62 42.01 40.8 41.23 40.0 40.46 39.2 39.7 38.42 38.95 37.64 38.21 36.88 37.48 36.12 36.77 35.38 36.07 34.66 13.6 11.7 13.93 12.08 14.32 12.53 14.76 13.04 15.26 13.6 37.64 36.4 26.91 25.61 27.66 26.4 48.26 48.09 74.81 73.25 14.42 13.42 42.0 40.0 40.31 39.56 41.19 41.05 69.64 67.72 49.24 48.47 20.22 18.25 50.8 51.2 
4.47 4.0 3.61 3.0 2.83 2.0 2.24 1.0 2.0 0.0 2.24 1.0 2.83 2.0 3.61 3.0 4.47 4.0 5.39 5.0 6.32 6.0 7.28 7.0 8.25 8.0 9.22 9.0 10.2 10.0 11.18 11.0 12.17 12.0 13.15 13.0 14.14 14.0 15.13 15.0 16.12 16.0 17.12 17.0 44.05 42.8 43.28 42.01 42.52 41.23 41.77 40.46 41.04 39.7 40.31 38.95 39.6 38.21 38.9 37.48 38.21 36.77 37.54 36.07 15.52 13.6 15.81 13.93 16.16 14.32 16.55 14.76 17.0 15.26 39.2 38.01 28.28 26.91 29.0 27.66 48.51 48.26 76.4 74.81 12.81 11.66 44.0 42.0 41.15 40.31 41.44 41.19 71.57 69.64 50.09 49.24 20.62 18.68 52.77 53.15 
5.0 5.39 4.0 4.47 3.0 3.61 2.0 2.83 1.0 2.24 0.0 2.0 1.0 2.24 2.0 2.83 3.0 3.61 4.0 4.47 5.0 5.39 6.0 6.32 7.0 7.28 8.0 8.25 9.0 9.22 10.0 10.2 11.0 11.18 12.0 12.17 13.0 13.15 14.0 14.14 15.0 15.13 16.0 16.12 43.6 42.44 42.8 41.62 42.01 40.8 41.23 40.0 40.46 39.2 39.7 38.42 38.95 37.64 38.21 36.88 37.48 36.12 36.77 35.38 13.34 11.4 13.6 11.7 13.93 12.08 14.32 12.53 14.76 13.04 38.29 37.01 26.17 24.84 26.91 25.61 49.25 49.09 75.43 73.88 15.0 13.89 42.01 40.01 41.23 40.5 42.19 42.05 69.38 67.45 50.16 49.4 21.21 19.24 50.64 50.99 
5.39 5.0 4.47 4.0 3.61 3.0 2.83 2.0 2.24 1.0 2.0 0.0 2.24 1.0 2.83 2.0 3.61 3.0 4.47 4.0 5.39 5.0 6.32 6.0 7.28 7.0 8.25 8.0 9.22 9.0 10.2 10.0 11.18 11.0 12.17 12.0 13.15 13.0 14.14 14.0 15.13 15.0 16.12 16.0 44.82 43.6 44.05 42.8 43.28 42.01 42.52 41.23 41.77 40.46 41.04 39.7 40.31 38.95 39.6 38.21 38.9 37.48 38.21 36.77 15.3 13.34 15.52 13.6 15.81 13.93 16.16 14.32 16.55 14.76 39.82 38.6 27.59 26.17 28.28 26.91 49.5 49.25 77.01 75.43 13.45 12.21 44.01 42.01 42.05 41.23 42.43 42.19 71.31 69.38 50.99 50.16 21.59 19.65 52.61 52.95 
6.0 6.32 5.0 5.39 4.0 4.47 3.0 3.61 2.0 2.83 1.0 2.24 0.0 2.0 1.0 2.24 2.0 2.83 3.0 3.61 4.0 4.47 5.0 5.39 6.0 6.32 7.0 7.28 8.0 8.25 9.0 9.22 10.0 10.2 11.0 11.18 12.0 12.17 13.0 13.15 14.0 14.14 15.0 15.13 44.41 43.27 43.6 42.44 42.8 41.62 42.01 40.8 41.23 40.0 40.46 39.2 39.7 38.42 38.95 37.64 38.21 36.88 37.48 36.12 13.15 11.18 13.34 11.4 13.6 11.7 13.93 12.08 14.32 12.53 38.95 37.64 25.46 24.08 26.17 24.84 50.25 50.09 76.06 74.52 15.62 14.42 42.05 40.05 42.15 41.44 43.19 43.05 69.12 67.19 51.08 50.33 22.2 20.22 50.49 50.8 
6.32 6.0 5.39 5.0 4.47 4.0 3.61 3.0 2.83 2.0 2.24 1.0 2.0 0.0 2.24 1.0 2.83 2.0 3.61 3.0 4.47 4.0 5.39 5.0 6.32 6.0 7.28 7.0 8.25 8.0 9.22 9.0 10.2 10.0 11.18 11.0 12.17 12.0 13.15 13.0 14.14 14.0 15.13 15.0 45.61 44.41 44.82 43.6 44.05 42.8 43.28 42.01 42.52 41.23 41.77 40.46 41.04 39.7 40.31 38.95 39.6 38.21 38.9 37.48 15.13 13.15 15.3 13.34 15.52 13.6 15.81 13.93 16.16 14.32 40.46 39.2 26.91 25.46 27.59 26.17 50.49 50.25 77.62 76.06 14.14 12.81 44.05 42.05 42.95 42.15 43.42 43.19 71.06 69.12 51.89 51.08 22.56 20.62 52.47 52.77 
7.0 7.28 6.0 6.32 5.0 5.39 4.0 4.47 3.0 3.61 2.0 2.83 1.0 2.24 0.0 2.0 1.0 2.24 2.0 2.83 3.0 3.61 4.0 4.47 5.0 5.39 6.0 6.32 7.0 7.28 8.0 8.25 9.0 9.22 10.0 10.2 11.0 11.18 12.0 12.17 13.0 13.15 14.0 14.14 45.22 44.1 44.41 43.27 43.6 42.44 42.8 41.62 42.01 40.8 41.23 40.0 40.46 39.2 39.7 38.42 38.95 37.64 38.21 36.88 13.04 11.05 13.15 11.18 13.34 11.4 13.6 11.7 13.93 12.08 39.62 38.29 24.76 23.35 25.46 24.08 51.24 51.09 76.69 75.17 16.28 15.0 42.11 40.11 43.08 42.38 44.18 44.05 68.88 66.94 52.0 51.26 23.19 21.21 50.36 50.64 
7.28 7.0 6.32 6.0 5.39 5.0 4.47 4.0 3.61 3.0 2.83 2.0 2.24 1.0 2.0 0.0 2.24 1.0 2.83 2.0 3.61 3.0 4.47 4.0 5.39 5.0 6.32 6.0 7.28 7.0 8.25 8.0 9.22 9.0 10.2 10.0 11.18 11.0 12.17 12.0 13.15 13.0 14.14 14.0 46.4 45.22 45.61 44.41 44.82 43.6 44.05 42.8 43.28 42.01 42.52 41.23 41.77 40.46 41.04 39.7 40.31 38.95 39.6 38.21 15.03 13.04 15.13 13.15 15.3 13.34 15.52 13.6 15.81 13.93 41.11 39.82 26.25 24.76 26.91 25.46 51.48 51.24 78.24 76.69 14.87 13.45 44.1 42.11 43.86 43.08 44.41 44.18 70.83 68.88 52.8 52.0 23.54 21.59 52.35 52.61 
8.0 8.25 7.0 7.28 6.0 6.32 5.0 5.39 4.0 4.47 3.0 3.61 2.0 2.83 1.0 2.24 0.0 2.0 1.0 2.24 2.0 2.83 3.0 3.61 4.0 4.47 5.0 5.39 6.0 6.32 7.0 7.28 8.0 8.25 9.0 9.22 10.0 10.2 11.0 11.18 12.0 12.17 13.0 13.15 46.04 44.94 45.22 44.1 44.41 43.27 43.6 42.44 42.8 41.62 42.01 40.8 41.23 40.0 40.46 39.2 39.7 38.42 38.95 37.64 13.0 11.0 13.04 11.05 13.15 11.18 13.34 11.4 13.6 11.7 40.31 38.95 24.08 22.63 24.76 23.35 52.24 52.09 77.34 75.82 16.97 15.62 42.19 40.2 44.01 43.32 45.18 45.04 68.66 66.71 52.92 52.2 24.19 22.2 50.25 50.49 
8.25 8.0 7.28 7.0 6.32 6.0 5.39 5.0 4.47 4.0 3.61 3.0 2.83 2.0 2.24 1.0 2.0 0.0 2.24 1.0 2.83 2.0 3.61 3.0 4.47 4.0 5.39 5.0 6.32 6.0 7.28 7.0 8.25 8.0 9.22 9.0 10.2 10.0 11.18 11.0 12.17 12.0 13.15 13.0 47.2 46.04 46.4 45.22 45.61 44.41 44.82 43.6 44.05 42.8 43.28 42.01 42.52 41.23 41.77 40.46 41.04 39.7 40.31 38.95 15.0 13.0 15.03 13.04 15.13 13.15 15.3 13.34 15.52 13.6 41.77 40.46 25.61 24.08 26.25 24.76 52.47 52.24 78.87 77.34 15.62 14.14 44.18 42.19 44.78 44.01 45.4 45.18 70.61 68.66 53.71 52.92 24.52 22.56 52.24 52.47 
9.0 9.22 8.0 8.25 7.0 7.28 6.0 6.32 5.0 5.39 4.0 4.47 3.0 3.61 2.0 2.83 1.0 2.24 0.0 2.0 1.0 2.24 2.0 2.83 3.0 3.61 4.0 4.47 5.0 5.39 6.0 6.32 7.0 7.28 8.0 8.25 9.0 9.22 10.0 10.2 11.0 11.18 12.0 12.17 46.87 45.79 46.04 44.94 45.22 44.1 44.41 43.27 43.6 42.44 42.8 41.62 42.01 40.8 41.23 40.0 40.46 39.2 39.7 38.42 13.04 11.05 13.0 11.0 13.04 11.05 13.15 11.18 13.34 11.4 41.01 39.62 23.43 21.93 24.08 22.63 53.24 53.08 77.99 76.49 17.69 16.28 42.3 40.31 44.94 44.27 46.17 46.04 68.45 66.49 53.85 53.14 25.18 23.19 50.16 50.36 
9.22 9.0 8.25 8.0 7.28 7.0 6.32 6.0 5.39 5.0 4.47 4.0 3.61 3.0 2.83 2.0 2.24 1.0 2.0 0.0 2.24 1.0 2.83 2.0 3.61 3.0 4.47 4.0 5.39 5.0 6.32 6.0 7.28 7.0 8.25 8.0 9.22 9.0 10.2 10.0 11.18 11.0 12.17 12.0 48.01 46.87 47.2 46.04 46.4 45.22 45.61 44.41 44.82 43.6 44.05 42.8 43.28 42.01 42.52 41.23 41.77 40.46 41.04 39.7 15.03 13.04 15.0 13.0 15.03 13.04 15.13 13.15 15.3 13.34 42.45 41.11 25.0 23.43 25.61 24.08 53.46 53.24 79.51 77.99 16.4 14.87 44.28 42.3 45.69 44.94 46.39 46.17 70.41 68.45 54.63 53.85 25.5 23.54 52.15 52.35 
10.0 10.2 9.0 9.22 8.0 8.25 7.0 7.28 6.0 6.32 5.0 5.39 4.0 4.47 3.0 3.61 2.0 2.83 1.0 2.24 0.0 2.0 1.0 2.24 2.0 2.83 3.0 3.61 4.0 4.47 5.0 5.39 6.0 6.32 7.0 7.28 8.0 8.25 9.0 9.22 10.0 10.2 11.0 11.18 47.71 46.65 46.87 45.79 46.04 44.94 45.22 44.1 44.41 43.27 43.6 42.44 42.8 41.62 42.01 40.8 41.23 40.0 40.46 39.2 13.15 11.18 13.04 11.05 13.0 11.0 13.04 11.05 13.15 11.18 41.73 40.31 22.8 21.26 23.43 21.93 54.23 54.08 78.64 77.16 18.44 16.97 42.43 40.45 45.88 45.22 47.17 47.04 68.25 66.29 54.78 54.08 26.17 24.19 50.09 50.25 
10.2 10.0 9.22 9.0 8.25 8.0 7.28 7.0 6.32 6.0 5.39 5.0 4.47 4.0 3.61 3.0 2.83 2.0 2.24 1.0 2.0 0.0 2.24 1.0 2.83 2.0 3.61 3.0 4.47 4.0 5.39 5.0 6.32 6.0 7.28 7.0 8.25 8.0 9.22 9.0 10.2 10.0 11.18 11.0 48.83 47.71 48.01 46.87 47.2 46.04 46.4 45.22 45.61 44.41 44.82 43.6 44.05 42.8 43.28 42.01 42.52 41.23 41.77 40.46 15.13 13.15 15.03 13.04 15.0 13.0 15.03 13.04 15.13 13.15 43.14 41.77 24.41 22.8 25.0 23.43 54.45 54.23 80.16 78.64 17.2 15.62 44.41 42.43 46.62 45.88 47.38 47.17 70.21 68.25 55.54 54.78 26.48 24.52 52.09 52.24 
11.0 11.18 10.0 10.2 9.0 9.22 8.0 8.25 7.0 7.28 6.0 6.32 5.0 5.39 4.0 4.47 3.0 3.61 2.0 2.83 1.0 2.24 0.0 2.0 1.0 2.24 2.0 2.83 3.0 3.61 4.0 4.47 5.0 5.39 6.0 6.32 7.0 7.28 8.0 8.25 9.0 9.22 10.0 10.2 48.55 47.51 47.71 46.65 46.87 45.79 46.04 44.94 45.22 44.1 44.41 43.27 43.6 42.44 42.8 41.62 42.01 40.8 41.23 40.0 13.34 11.4 13.15 11.18 13.04 11.05 13.0 11.0 13.04 11.05 42.45 41.01 22.2 20.62 22.8 21.26 55.23 55.08 79.31 77.83 19.21 17.69 42.58 40.61 46.82 46.17 48.17 48.04 68.07 66.1 55.71 55.03 27.17 25.18 50.04 50.16 
11.18 11.0 10.2 10.0 9.22 9.0 8.25 8.0 7.28 7.0 6.32 6.0 5.39 5.0 4.47 4.0 3.61 3.0 2.83 2.0 2.24 1.0 2.0 0.0 2.24 1.0 2.83 2.0 3.61 3.0 4.47 4.0 5.39 5.0 6.32 6.0 7.28 7.0 8.25 8.0 9.22 9.0 10.2 10.0 49.65 48.55 48.83 47.71 48.01 46.87 47.2 46.04 46.4 45.22 45.61 44.41 44.82 43.6 44.05 42.8 43.28 42.01 42.52 41.23 15.3 13.34 15.13 13.15 15.03 13.04 15.0 13.0 15.03 13.04 43.84 42.45 23.85 22.2 24.41 22.8 55.44 55.23 80.81 79.31 18.03 16.4 44.55 42.58 47.54 46.82 48.37 48.17 70.04 68.07 56.46 55.71 27.46 25.5 52.04 52.15 
12.0 12.17 11.0 11.18 10.0 10.2 9.0 9.22 8.0 8.25 7.0 7.28 6.0 6.32 5.0 5.39 4.0 4.47 3.0 3.61 2.0 2.83 1.0 2.24 0.0 2.0 1.0 2.24 2.0 2.83 3.0 3.61 4.0 4.47 5.0 5.39 6.0 6.32 7.0 7.28 8.0 8.25 9.0 9.22 49.4 48.37 48.55 47.51 47.71 46.65 46.87 45.79 46.04 44.94 45.22 44.1 44.41 43.27 43.6 42.44 42.8 41.62 42.01 40.8 13.6 11.7 13.34 11.4 13.15 11.18 13.04 11.05 13.0 11.0 43.19 41.73 21.63 20.0 22.2 20.62 56.22 56.08 79.98 78.52 20.0 18.44 42.76 40.79 47.76 47.13 49.16 49.04 67.9 65.92 56.65 55.97 28.16 26.17 50.01 50.09 
12.17 12.0 11.18 11.0 10.2 10.0 9.22 9.0 8.25 8.0 7.28 7.0 6.32 6.0 5.39 5.0 4.47 4.0 3.61 3.0 2.83 2.0 2.24 1.0 2.0 0.0 2.24 1.0 2.83 2.0 3.61 3.0 4.47 4.0 5.39 5.0 6.32 6.0 7.28 7.0 8.25 8.0 9.22 9.0 50.48 49.4 49.65 48.55 48.83 47.71 48.01 46.87 47.2 46.04 46.4 45.22 45.61 44.41 44.82 43.6 44.05 42.8 43.28 42.01 15.52 13.6 15.3 13.34 15.13 13.15 15.03 13.04 15.0 13.0 44.55 43.14 23.32 21.63 23.85 22.2 56.44 56.22 81.47 79.98 18.87 17.2 44.72 42.76 48.47 47.76 49.37 49.16 69.87 67.9 57.38 56.65 28.44 26.48 52.01 52.09 
13.0 13.15 12.0 12.17 11.0 11.18 10.0 10.2 9.0 9.22 8.0 8.25 7.0 7.28 6.0 6.32 5.0 5.39 4.0 4.47 3.0 3.61 2.0 2.83 1.0 2.24 0.0 2.0 1.0 2.24 2.0 2.83 3.0 3.61 4.0 4.47 5.0 5.39 6.0 6.32 7.0 7.28 8.0 8.25 50.25 49.24 49.4 48.37 48.55 47.51 47.71 46.65 46.87 45.79 46.04 44.94 45.22 44.1 44.41 43.27 43.6 42.44 42.8 41.62 13.93 12.08 13.6 11.7 13.34 11.4 13.15 11.18 13.04 11.05 43.93 42.45 21.1 19.42 21.63 20.0 57.22 57.08 80.66 79.21 20.81 19.21 42.95 41.0 48.7 48.08 50.16 50.04 67.74 65.76 57.58 56.92 29.15 27.17 50.0 50.04 
13.15 13.0 12.17 12.0 11.18 11.0 10.2 10.0 9.22 9.0 8.25 8.0 7.28 7.0 6.32 6.0 5.39 5.0 4.47 4.0 3.61 3.0 2.83 2.0 2.24 1.0 2.0 0.0 2.24 1.0 2.83 2.0 3.61 3.0 4.47 4.0 5.39 5.0 6.32 6.0 7.28 7.0 8.25 8.0 51.31 50.25 50.48 49.4 49.65 48.55 48.83 47.71 48.01 46.87 47.2 46.04 46.4 45.22 45.61 44.41 44.82 43.6 44.05 42.8 15.81 13.93 15.52 13.6 15.3 13.34 15.13 13.15 15.03 13.04 45.28 43.84 22.83 21.1 23.32 21.63 57.43 57.22 82.13 80.66 19.72 18.03 44.91 42.95 49.4 48.7 50.36 50.16 69.72 67.74 58.31 57.58 29.43 27.46 52.0 52.04 
14.0 14.14 13.0 13.15 12.0 12.17 11.0 11.18 10.0 10.2 9.0 9.22 8.0 8.25 7.0 7.28 6.0 6.32 5.0 5.39 4.0 4.47 3.0 3.61 2.0 2.83 1.0 2.24 0.0 2.0 1.0 2.24 2.0 2.83 3.0 3.61 4.0 4.47 5.0 5.39 6.0 6.32 7.0 7.28 51.11 50.12 50.25 49.24 49.4 48.37 48.55 47.51 47.71 46.65 46.87 45.79 46.04 44.94 45.22 44.1 44.41 43.27 43.6 42.44 14.32 12.53 13.93 12.08 13.6 11.7 13.34 11.4 13.15 11.18 44.69 43.19 20.59 18.87 21.1 19.42 58.22 58.08 81.34 79.91 21.63 20.0 43.17 41.23 49.65 49.04 51.16 51.04 67.6 65.62 58.52 57.87 30.15 28.16 50.01 50.01 
14.14 14.0 13.15 13.0 12.17 12.0 11.18 11.0 10.2 10.0 9.22 9.0 8.25 8.0 7.28 7.0 6.32 6.0 5.39 5.0 4.47 4.0 3.61 3.0 2.83 2.0 2.24 1.0 2.0 0.0 2.24 1.0 2.83 2.0 3.61 3.0 4.47 4.0 5.39 5.0 6.32 6.0 7.28 7.0 52.15 51.11 51.31 50.25 50.48 49.4 49.65 48.55 48.83 47.71 48.01 46.87 47.2 46.04 46.4 45.22 45.61 44.41 44.82 43.6 16.16 14.32 15.81 13.93 15.52 13.6 15.3 13.34 15.13 13.15 46.01 44.55 22.36 20.59 22.83 21.1 58.42 58.22 82.81 81.34 20.59 18.87 45.12 43.17 50.33 49.65 51.35 51.16 69.58 67.6 59.24 58.52 30.41 28.44 52.01 52.01 
15.0 15.13 14.0 14.14 13.0 13.15 12.0 12.17 11.0 11.18 10.0 10.2 9.0 9.22 8.0 8.25 7.0 7.28 6.0 6.32 5.0 5.39 4.0 4.47 3.0 3.61 2.0 2.83 1.0 2.24 0.0 2.0 1.0 2.24 2.0 2.83 3.0 3.61 4.0 4.47 5.0 5.39 6.0 6.32 51.97 51.0 51.11 50.12 50.25 49.24 49.4 48.37 48.55 47.51 47.71 46.65 46.87 45.79 46.04 44.94 45.22 44.1 44.41 43.27 14.76 13.04 14.32 12.53 13.93 12.08 13.6 11.7 13.34 11.4 45.45 43.93 20.12 18.36 20.59 18.87 59.21 59.08 82.04 80.61 22.47 20.81 43.42 41.48 50.6 50.0 52.15 52.04 67.48 65.49 59.46 58.82 31.14 29.15 50.04 50.0 
15.13 15.0 14.14 14.0 13.15 13.0 12.17 12.0 11.18 11.0 10.2 10.0 9.22 9.0 8.25 8.0 7.28 7.0 6.32 6.0 5.39 5.0 4.47 4.0 3.61 3.0 2.83 2.0 2.24 1.0 2.0 0.0 2.24 1.0 2.83 2.0 3.61 3.0 4.47 4.0 5.39 5.0 6.32 6.0 53.0 51.97 52.15 51.11 51.31 50.25 50.48 49.4 49.65 48.55 48.83 47.71 48.01 46.87 47.2 46.04 46.4 45.22 45.61 44.41 16.55 14.76 16.16 14.32 15.81 13.93 15.52 13.6 15.3 13.34 46.75 45.28 21.93 20.12 22.36 20.59 59.41 59.21 83.49 82.04 21.47 19.72 45.35 43.42 51.26 50.6 52.35 52.15 69.46 67.48 60.17 59.46 31.4 29.43 52.04 52.0 
16.0 16.12 15.0 15.13 14.0 14.14 13.0 13.15 12.0 12.17 11.0 11.18 10.0 10.2 9.0 9.22 8.0 8.25 7.0 7.28 6.0 6.32 5.0 5.39 4.0 4.47 3.0 3.61 2.0 2.83 1.0 2.24 0.0 2.0 1.0 2.24 2.0 2.83 3.0 3.61 4.0 4.47 5.0 5.39 52.84 51.88 51.97 51.0 51.11 50.12 50.25 49.24 49.4 48.37 48.55 47.51 47.71 46.65 46.87 45.79 46.04 44.94 45.22 44.1 15.26 13.6 14.76 13.04 14.32 12.53 13.93 12.08 13.6 11.7 46.23 44.69 19.7 17.89 20.12 18.36 60.21 60.07 82.73 81.32 23.32 21.63 43.68 41.76 51.55 50.96 53.15 53.04 67.36 65.38 60.41 59.77 32.14 30.15 50.09 50.01 
16.12 16.0 15.13 15.0 14.14 14.0 13.15 13.0 12.17 12.0 11.18 11.0 10.2 10.0 9.22 9.0 8.25 8.0 7.28 7.0 6.32 6.0 5.39 5.0 4.47 4.0 3.61 3.0 2.83 2.0 2.24 1.0 2.0 0.0 2.24 1.0 2.83 2.0 3.61 3.0 4.47 4.0 5.39 5.0 53.85 52.84 53.0 51.97 52.15 51.11 51.31 50.25 50.48 49.4 49.65 48.55 48.83 47.71 48.01 46.87 47.2 46.04 46.4 45.22 17.0 15.26 16.55 14.76 16.16 14.32 15.81 13.93 15.52 13.6 47.51 46.01 21.54 19.7 21.93 20.12 60.41 60.21 84.17 82.73 22.36 20.59 45.61 43.68 52.2 51.55 53.34 53.15 69.35 67.36 61.1 60.41 32.39 30.41 52.09 52.01 
17.0 17.12 16.0 16.12 15.0 15.13 14.0 14.14 13.0 13.15 12.0 12.17 11.0 11.18 10.0 10.2 9.0 9.22 8.0 8.25 7.0 7.28 6.0 6.32 5.0 5.39 4.0 4.47 3.0 3.61 2.0 2.83 1.0 2.24 0.0 2.0 1.0 2.24 2.0 2.83 3.0 3.61 4.0 4.47 53.71 52.77 52.84 51.88 51.97 51.0 51.11 50.12 50.25 49.24 49.4 48.37 48.55 47.51 47.71 46.65 46.87 45.79 46.04 44.94 15.81 14.21 15.26 13.6 14.76 13.04 14.32 12.53 13.93 12.08 47.01 45.45 19.31 17.46 19.7 17.89 61.2 61.07 83.44 82.04 24.19 22.47 43.97 42.06 52.5 51.92 54.15 54.04 67.27 65.28 61.35 60.73 33.14 31.14 50.16 50.04 
17.12 17.0 16.12 16.0 15.13 15.0 14.14 14.0 13.15 13.0 12.17 12.0 11.18 11.0 10.2 10.0 9.22 9.0 8.25 8.0 7.28 7.0 6.32 6.0 5.39 5.0 4.47 4.0 3.61 3.0 2.83 2.0 2.24 1.0 2.0 0.0 2.24 1.0 2.83 2.0 3.61 3.0 4.47 4.0 54.71 53.71 53.85 52.84 53.0 51.97 52.15 51.11 51.31 50.25 50.48 49.4 49.65 48.55 48.83 47.71 48.01 46.87 47.2 46.04 17.49 15.81 17.0 15.26 16.55 14.76 16.16 14.32 15.81 13.93 48.27 46.75 21.19 19.31 21.54 19.7 61.4 61.2 84.86 83.44 23.26 21.47 45.88 43.97 53.14 52.5 54.33 54.15 69.26 67.27 62.03 61.35 33.38 31.4 52.15 52.04 
18.0 18.11 17.0 17.12 16.0 16.12 15.0 15.13 14.0 14.14 13.0 13.15 12.0 12.17 11.0 11.18 10.0 10.2 9.0 9.22 8.0 8.25 7.0 7.28 6.0 6.32 5.0 5.39 4.0 4.47 3.0 3.61 2.0 2.83 1.0 2.24 0.0 2.0 1.0 2.24 2.0 2.83 3.0 3.61 54.59 53.67 53.71 52.77 52.84 51.88 51.97 51.0 51.11 50.12 50.25 49.24 49.4 48.37 48.55 47.51 47.71 46.65 46.87 45.79 16.4 14.87 15.81 14.21 15.26 13.6 14.76 13.04 14.32 12.53 47.8 46.23 18.97 17.09 19.31 17.46 62.2 62.07 84.15 82.76 25.06 23.32 44.27 42.38 53.45 52.89 55.15 55.04 67.19 65.19 62.3 61.68 34.13 32.14 50.25 50.09 
18.11 18.0 17.12 17.0 16.12 16.0 15.13 15.0 14.14 14.0 13.15 13.0 12.17 12.0 11.18 11.0 10.2 10.0 9.22 9.0 8.25 8.0 7.28 7.0 6.32 6.0 5.39 5.0 4.47 4.0 3.61 3.0 2.83 2.0 2.24 1.0 2.0 0.0 2.24 1.0 2.83 2.0 3.61 3.0 55.57 54.59 54.71 53.71 53.85 52.84 53.0 51.97 52.15 51.11 51.31 50.25 50.48 49.4 49.65 48.55 48.83 47.71 48.01 46.87 18.03 16.4 17.49 15.81 17.0 15.26 16.55 14.76 16.16 14.32 49.04 47.51 20.88 18.97 21.19 19.31 62.39 62.2 85.56 84.15 24.17 22.36 46.17 44.27 54.08 53.45 55.33 55.15 69.18 67.19 62.97 62.3 34.37 32.39 52.24 52.09 
19.0 19.1 18.0 18.11 17.0 17.12 16.0 16.12 15.0 15.13 14.0 14.14 13.0 13.15 12.0 12.17 11.0 11.18 10.0 10.2 9.0 9.22 8.0 8.25 7.0 7.28 6.0 6.32 5.0 5.39 4.0 4.47 3.0 3.61 2.0 2.83 1.0 2.24 0.0 2.0 1.0 2.24 2.0 2.83 55.47 54.56 54.59 53.67 53.71 52.77 52.84 51.88 51.97 51.0 51.11 50.12 50.25 49.24 49.4 48.37 48.55 47.51 47.71 46.65 17.03 15.56 16.4 14.87 15.81 14.21 15.26 13.6 14.76 13.04 48.6 47.01 18.68 16.76 18.97 17.09 63.2 63.07 84.86 83.49 25.94 24.19 44.6 42.72 54.41 53.85 56.14 56.04 67.12 65.12 63.25 62.64 35.13 33.14 50.36 50.16 
19.1 19.0 18.11 18.0 17.12 17.0 16.12 16.0 15.13 15.0 14.14 14.0 13.15 13.0 12.17 12.0 11.18 11.0 10.2 10.0 9.22 9.0 8.25 8.0 7.28 7.0 6.32 6.0 5.39 5.0 4.47 4.0 3.61 3.0 2.83 2.0 2.24 1.0 2.0 0.0 2.24 1.0 2.83 2.0 56.44 55.47 55.57 54.59 54.71 53.71 53.85 52.84 53.0 51.97 52.15 51.11 51.31 50.25 50.48 49.4 49.65 48.55 48.83 47.71 18.6 17.03 18.03 16.4 17.49 15.81 17.0 15.26 16.55 14.76 49.82 48.27 20.62 18.68 20.88 18.97 63.39 63.2 86.27 84.86 25.08 23.26 46.49 44.6 55.03 54.41 56.32 56.14 69.12 67.12 63.91 63.25 35.36 33.38 52.35 52.15 
20.0 20.1 19.0 19.1 18.0 18.11 17.0 17.12 16.0 16.12 15.0 15.13 14.0 14.14 13.0 13.15 12.0 12.17 11.0 11.18 10.0 10.2 9.0 9.22 8.0 8.25 7.0 7.28 6.0 6.32 5.0 5.39 4.0 4.47 3.0 3.61 2.0 2.83 1.0 2.24 0.0 2.0 1.0 2.24 56.36 55.46 55.47 54.56 54.59 53.67 53.71 52.77 52.84 51.88 51.97 51.0 51.11 50.12 50.25 49.24 49.4 48.37 48.55 47.51 17.69 16.28 17.03 15.56 16.4 14.87 15.81 14.21 15.26 13.6 49.41 47.8 18.44 16.49 18.68 16.76 64.2 64.07 85.59 84.22 26.83 25.06 44.94 43.08 55.36 54.82 57.14 57.04 67.07 65.07 64.2 63.6 36.12 34.13 50.49 50.25 
20.1 20.0 19.1 19.0 18.11 18.0 17.12 17.0 16.12 16.0 15.13 15.0 14.14 14.0 13.15 13.0 12.17 12.0 11.18 11.0 10.2 10.0 9.22 9.0 8.25 8.0 7.28 7.0 6.32 6.0 5.39 5.0 4.47 4.0 3.61 3.0 2.83 2.0 2.24 1.0 2.0 0.0 2.24 1.0 57.31 56.36 56.44 55.47 55.57 54.59 54.71 53.71 53.85 52.84 53.0 51.97 52.15 51.11 51.31 50.25 50.48 49.4 49.65 48.55 19.21 17.69 18.6 17.03 18.03 16.4 17.49 15.81 17.0 15.26 50.61 49.04 20.4 18.44 20.62 18.68 64.38 64.2 86.98 85.59 26.0 24.17 46.82 44.94 55.97 55.36 57.31 57.14 69.07 67.07 64.85 64.2 36.35 34.37 52.47 52.24 
21.0 21.1 20.0 20.1 19.0 19.1 18.0 18.11 17.0 17.12 16.0 16.12 15.0 15.13 14.0 14.14 13.0 13.15 12.0 12.17 11.0 11.18 10.0 10.2 9.0 9.22 8.0 8.25 7.0 7.28 6.0 6.32 5.0 5.39 4.0 4.47 3.0 3.61 2.0 2.83 1.0 2.24 0.0 2.0 57.25 56.36 56.36 55.46 55.47 54.56 54.59 53.67 53.71 52.77 52.84 51.88 51.97 51.0 51.11 50.12 50.25 49.24 49.4 48.37 18.38 17.03 17.69 16.28 17.03 15.56 16.4 14.87 15.81 14.21 50.22 48.6 18.25 16.28 18.44 16.49 65.19 65.07 86.31 84.96 27.73 25.94 45.31 43.46 56.32 55.79 58.14 58.03 67.03 65.03 65.15 64.56 37.12 35.13 50.64 50.36 
21.1 21.0 20.1 20.0 19.1 19.0 18.11 18.0 17.12 17.0 16.12 16.0 15.13 15.0 14.14 14.0 13.15 13.0 12.17 12.0 11.18 11.0 10.2 10.0 9.22 9.0 8.25 8.0 7.28 7.0 6.32 6.0 5.39 5.0 4.47 4.0 3.61 3.0 2.83 2.0 2.24 1.0 2.0 0.0 58.18 57.25 57.31 56.36 56.44 55.47 55.57 54.59 54.71 53.71 53.85 52.84 53.0 51.97 52.15 51.11 51.31 50.25 50.48 49.4 19.85 18.38 19.21 17.69 18.6 17.03 18.03 16.4 17.49 15.81 51.4 49.82 20.22 18.25 20.4 18.44 65.38 65.19 87.69 86.31 26.93 25.08 47.17 45.31 56.92 56.32 58.31 58.14 69.03 67.03 65.79 65.15 37.34 35.36 52.61 52.35 
39.7 41.04 40.46 41.77 41.23 42.52 42.01 43.28 42.8 44.05 43.6 44.82 44.41 45.61 45.22 46.4 46.04 47.2 46.87 48.01 47.71 48.83 48.55 49.65 49.4 50.48 50.25 51.31 51.11 52.15 51.97 53.0 52.84 53.85 53.71 54.71 54.59 55.57 55.47 56.44 56.36 57.31 57.25 58.18 0.0 2.0 1.0 2.24 2.0 2.83 3.0 3.61 4.0 4.47 5.0 5.39 6.0 6.32 7.0 7.28 8.0 8.25 9.0 9.22 40.16 40.85 41.11 41.79 42.06 42.72 43.01 43.66 43.97 44.6 10.44 12.37 54.59 54.92 55.58 55.9 25.24 26.93 35.11 33.24 46.04 47.2 37.58 36.77 10.44 12.37 23.09 25.0 67.01 65.8 12.53 13.6 26.93 28.02 49.24 51.0 
38.42 39.7 39.2 40.46 40.0 41.23 40.8 42.01 41.62 42.8 42.44 43.6 43.27 44.41 44.1 45.22 44.94 46.04 45.79 46.87 46.65 47.71 47.51 48.55 48.37 49.4 49.24 50.25 50.12 51.11 51.0 51.97 51.88 52.84 52.77 53.71 53.67 54.59 54.56 55.47 55.46 56.36 56.36 57.25 2.0 0.0 2.24 1.0 2.83 2.0 3.61 3.0 4.47 4.0 5.39 5.0 6.32 6.0 7.28 7.0 8.25 8.0 9.22 9.0 39.56 40.16 40.52 41.11 41.48 42.06 42.45 43.01 43.42 43.97 11.18 13.0 54.33 54.59 55.33 55.58 23.6 25.24 37.0 35.11 44.41 45.61 38.47 37.58 8.54 10.44 21.19 23.09 68.25 67.01 11.7 12.53 25.24 26.4 50.25 51.97 
38.95 40.31 39.7 41.04 40.46 41.77 41.23 42.52 42.01 43.28 42.8 44.05 43.6 44.82 44.41 45.61 45.22 46.4 46.04 47.2 46.87 48.01 47.71 48.83 48.55 49.65 49.4 50.48 50.25 51.31 51.11 52.15 51.97 53.0 52.84 53.85 53.71 54.71 54.59 55.57 55.47 56.44 56.36 57.31 1.0 2.24 0.0 2.0 1.0 2.24 2.0 2.83 3.0 3.61 4.0 4.47 5.0 5.39 6.0 6.32 7.0 7.28 8.0 8.25 39.22 39.92 40.16 40.85 41.11 41.79 42.06 42.72 43.01 43.66 9.49 11.4 53.6 53.94 54.59 54.92 25.81 27.46 35.47 33.62 45.49 46.62 36.67 35.85 10.77 12.65 23.41 25.3 66.22 65.0 13.42 14.42 26.42 27.46 48.37 50.12 
37.64 38.95 38.42 39.7 39.2 40.46 40.0 41.23 40.8 42.01 41.62 42.8 42.44 43.6 43.27 44.41 44.1 45.22 44.94 46.04 45.79 46.87 46.65 47.71 47.51 48.55 48.37 49.4 49.24 50.25 50.12 51.11 51.0 51.97 51.88 52.84 52.77 53.71 53.67 54.59 54.56 55.47 55.46 56.36 2.24 1.0 2.0 0.0 2.24 1.0 2.83 2.0 3.61 3.0 4.47 4.0 5.39 5.0 6.32 6.0 7.28 7.0 8.25 8.0 38.6 39.22 39.56 40.16 40.52 41.11 41.48 42.06 42.45 43.01 10.3 12.08 53.34 53.6 54.33 54.59 24.21 25.81 37.34 35.47 43.83 45.0 37.59 36.67 8.94 10.77 21.54 23.41 67.48 66.22 12.65 13.42 24.7 25.81 49.4 51.11 
38.21 39.6 38.95 40.31 39.7 41.04 40.46 41.77 41.23 42.52 42.01 43.28 42.8 44.05 43.6 44.82 44.41 45.61 45.22 46.4 46.04 47.2 46.87 48.01 47.71 48.83 48.55 49.65 49.4 50.48 50.25 51.31 51.11 52.15 51.97 53.0 52.84 53.85 53.71 54.71 54.59 55.57 55.47 56.44 2.0 2.83 1.0 2.24 0.0 2.0 1.0 2.24 2.0 2.83 3.0 3.61 4.0 4.47 5.0 5.39 6.0 6.32 7.0 7.28 38.28 39.0 39.22 39.92 40.16 40.85 41.11 41.79 42.06 42.72 8.54 10.44 52.61 52.95 53.6 53.94 26.4 28.02 35.85 34.01 44.94 46.04 35.78 34.93 11.18 13.0 23.77 25.63 65.44 64.2 14.32 15.26 25.94 26.93 47.51 49.24 
36.88 38.21 37.64 38.95 38.42 39.7 39.2 40.46 40.0 41.23 40.8 42.01 41.62 42.8 42.44 43.6 43.27 44.41 44.1 45.22 44.94 46.04 45.79 46.87 46.65 47.71 47.51 48.55 48.37 49.4 49.24 50.25 50.12 51.11 51.0 51.97 51.88 52.84 52.77 53.71 53.67 54.59 54.56 55.47 2.83 2.0 2.24 1.0 2.0 0.0 2.24 1.0 2.83 2.0 3.61 3.0 4.47 4.0 5.39 5.0 6.32 6.0 7.28 7.0 37.64 38.28 38.6 39.22 39.56 40.16 40.52 41.11 41.48 42.06 9.43 11.18 52.35 52.61 53.34 53.6 24.84 26.4 37.7 35.85 43.27 44.41 36.72 35.78 9.43 11.18 21.93 23.77 66.71 65.44 13.6 14.32 24.19 25.24 48.55 50.25 
37.48 38.9 38.21 39.6 38.95 40.31 39.7 41.04 40.46 41.77 41.23 42.52 42.01 43.28 42.8 44.05 43.6 44.82 44.41 45.61 45.22 46.4 46.04 47.2 46.87 48.01 47.71 48.83 48.55 49.65 49.4 50.48 50.25 51.31 51.11 52.15 51.97 53.0 52.84 53.85 53.71 54.71 54.59 55.57 3.0 3.61 2.0 2.83 1.0 2.24 0.0 2.0 1.0 2.24 2.0 2.83 3.0 3.61 4.0 4.47 5.0 5.39 6.0 6.32 37.34 38.08 38.28 39.0 39.22 39.92 40.16 40.85 41.11 41.79 7.62 9.49 51.62 51.97 52.61 52.95 27.02 28.6 36.25 34.44 44.42 45.49 34.89 34.01 11.66 13.42 24.17 26.0 64.66 63.41 15.23 16.12 25.5 26.42 46.65 48.37 
36.12 37.48 36.88 38.21 37.64 38.95 38.42 39.7 39.2 40.46 40.0 41.23 40.8 42.01 41.62 42.8 42.44 43.6 43.27 44.41 44.1 45.22 44.94 46.04 45.79 46.87 46.65 47.71 47.51 48.55 48.37 49.4 49.24 50.25 50.12 51.11 51.0 51.97 51.88 52.84 52.77 53.71 53.67 54.59 3.61 3.0 2.83 2.0 2.24 1.0 2.0 0.0 2.24 1.0 2.83 2.0 3.61 3.0 4.47 4.0 5.39 5.0 6.32 6.0 36.69 37.34 37.64 38.28 38.6 39.22 39.56 40.16 40.52 41.11 8.6 10.3 51.35 51.62 52.35 52.61 25.5 27.02 38.08 36.25 42.72 43.83 35.85 34.89 10.0 11.66 22.36 24.17 65.95 64.66 14.56 15.23 23.71 24.7 47.71 49.4 
36.77 38.21 37.48 38.9 38.21 39.6 38.95 40.31 39.7 41.04 40.46 41.77 41.23 42.52 42.01 43.28 42.8 44.05 43.6 44.82 44.41 45.61 45.22 46.4 46.04 47.2 46.87 48.01 47.71 48.83 48.55 49.65 49.4 50.48 50.25 51.31 51.11 52.15 51.97 53.0 52.84 53.85 53.71 54.71 4.0 4.47 3.0 3.61 2.0 2.83 1.0 2.24 0.0 2.0 1.0 2.24 2.0 2.83 3.0 3.61 4.0 4.47 5.0 5.39 36.4 37.16 37.34 38.08 38.28 39.0 39.22 39.92 40.16 40.85 6.71 8.54 50.64 50.99 51.62 51.97 27.66 29.21 36.67 34.89 43.91 44.94 34.0 33.11 12.21 13.89 24.6 26.4 63.89 62.63 16.16 17.0 25.08 25.94 45.79 47.51 
35.38 36.77 36.12 37.48 36.88 38.21 37.64 38.95 38.42 39.7 39.2 40.46 40.0 41.23 40.8 42.01 41.62 42.8 42.44 43.6 43.27 44.41 44.1 45.22 44.94 46.04 45.79 46.87 46.65 47.71 47.51 48.55 48.37 49.4 49.24 50.25 50.12 51.11 51.0 51.97 51.88 52.84 52.77 53.71 4.47 4.0 3.61 3.0 2.83 2.0 2.24 1.0 2.0 0.0 2.24 1.0 2.83 2.0 3.61 3.0 4.47 4.0 5.39 5.0 35.74 36.4 36.69 37.34 37.64 38.28 38.6 39.22 39.56 40.16 7.81 9.43 50.36 50.64 51.35 51.62 26.17 27.66 38.48 36.67 42.19 43.27 34.99 34.0 10.63 12.21 22.83 24.6 65.19 63.89 15.52 16.16 23.26 24.19 46.87 48.55 
36.07 37.54 36.77 38.21 37.48 38.9 38.21 39.6 38.95 40.31 39.7 41.04 40.46 41.77 41.23 42.52 42.01 43.28 42.8 44.05 43.6 44.82 44.41 45.61 45.22 46.4 46.04 47.2 46.87 48.01 47.71 48.83 48.55 49.65 49.4 50.48 50.25 51.31 51.11 52.15 51.97 53.0 52.84 53.85 5.0 5.39 4.0 4.47 3.0 3.61 2.0 2.83 1.0 2.24 0.0 2.0 1.0 2.24 2.0 2.83 3.0 3.61 4.0 4.47 35.47 36.25 36.4 37.16 37.34 38.08 38.28 39.0 39.22 39.92 5.83 7.62 49.65 50.01 50.64 50.99 28.32 29.83 37.12 35.36 43.42 44.42 33.12 32.2 12.81 14.42 25.06 26.83 63.13 61.85 17.09 17.89 24.7 25.5 44.94 46.65 
34.66 36.07 35.38 36.77 36.12 37.48 36.88 38.21 37.64 38.95 38.42 39.7 39.2 40.46 40.0 41.23 40.8 42.01 41.62 42.8 42.44 43.6 43.27 44.41 44.1 45.22 44.94 46.04 45.79 46.87 46.65 47.71 47.51 48.55 48.37 49.4 49.24 50.25 50.12 51.11 51.0 51.97 51.88 52.84 5.39 5.0 4.47 4.0 3.61 3.0 2.83 2.0 2.24 1.0 2.0 0.0 2.24 1.0 2.83 2.0 3.61 3.0 4.47 4.0 34.79 35.47 35.74 36.4 36.69 37.34 37.64 38.28 38.6 39.22 7.07 8.6 49.37 49.65 50.36 50.64 26.87 28.32 38.91 37.12 41.68 42.72 34.13 33.12 11.31 12.81 23.32 25.06 64.44 63.13 16.49 17.09 22.85 23.71 46.04 47.71 
35.38 36.88 36.07 37.54 36.77 38.21 37.48 38.9 38.21 39.6 38.95 40.31 39.7 41.04 40.46 41.77 41.23 42.52 42.01 43.28 42.8 44.05 43.6 44.82 44.41 45.61 45.22 46.4 46.04 47.2 46.87 48.01 47.71 48.83 48.55 49.65 49.4 50.48 50.25 51.31 51.11 52.15 51.97 53.0 6.0 6.32 5.0 5.39 4.0 4.47 3.0 3.61 2.0 2.83 1.0 2.24 0.0 2.0 1.0 2.24 2.0 2.83 3.0 3.61 34.54 35.34 35.47 36.25 36.4 37.16 37.34 38.08 38.28 39.0 5.0 6.71 48.66 49.03 49.65 50.01 29.0 30.48 37.59 35.85 42.94 43.91 32.25 31.3 13.45 15.0 25.55 27.29 62.37 61.07 18.03 18.79 24.35 25.08 44.1 45.79 
33.94 35.38 34.66 36.07 35.38 36.77 36.12 37.48 36.88 38.21 37.64 38.95 38.42 39.7 39.2 40.46 40.0 41.23 40.8 42.01 41.62 42.8 42.44 43.6 43.27 44.41 44.1 45.22 44.94 46.04 45.79 46.87 46.65 47.71 47.51 48.55 48.37 49.4 49.24 50.25 50.12 51.11 51.0 51.97 6.32 6.0 5.39 5.0 4.47 4.0 3.61 3.0 2.83 2.0 2.24 1.0 2.0 0.0 2.24 1.0 2.83 2.0 3.61 3.0 33.84 34.54 34.79 35.47 35.74 36.4 36.69 37.34 37.64 38.28 6.4 7.81 48.37 48.66 49.37 49.65 27.59 29.0 39.36 37.59 41.18 42.19 33.29 32.25 12.04 13.45 23.85 25.55 63.7 62.37 17.46 18.03 22.47 23.26 45.22 46.87 
34.71 36.24 35.38 36.88 36.07 37.54 36.77 38.21 37.48 38.9 38.21 39.6 38.95 40.31 39.7 41.04 40.46 41.77 41.23 42.52 42.01 43.28 42.8 44.05 43.6 44.82 44.41 45.61 45.22 46.4 46.04 47.2 46.87 48.01 47.71 48.83 48.55 49.65 49.4 50.48 50.25 51.31 51.11 52.15 7.0 7.28 6.0 6.32 5.0 5.39 4.0 4.47 3.0 3.61 2.0 2.83 1.0 2.24 0.0 2.0 1.0 2.24 2.0 2.83 33.62 34.44 34.54 35.34 35.47 36.25 36.4 37.16 37.34 38.08 4.24 5.83 47.68 48.05 48.66 49.03 29.7 31.14 38.08 36.36 42.49 43.42 31.38 30.41 14.14 15.62 26.08 27.78 61.62 60.31 18.97 19.7 24.04 24.7 43.27 44.94 
33.24 34.71 33.94 35.38 34.66 36.07 35.38 36.77 36.12 37.48 36.88 38.21 37.64 38.95 38.42 39.7 39.2 40.46 40.0 41.23 40.8 42.01 41.62 42.8 42.44 43.6 43.27 44.41 44.1 45.22 44.94 46.04 45.79 46.87 46.65 47.71 47.51 48.55 48.37 49.4 49.24 50.25 50.12 51.11 7.28 7.0 6.32 6.0 5.39 5.0 4.47 4.0 3.61 3.0 2.83 2.0 2.24 1.0 2.0 0.0 2.24 1.0 2.83 2.0 32.89 33.62 33.84 34.54 34.79 35.47 35.74 36.4 36.69 37.34 5.83 7.07 47.38 47.68 48.37 48.66 28.32 29.7 39.82 38.08 40.71 41.68 32.45 31.38 12.81 14.14 24.41 26.08 62.97 61.62 18.44 18.97 22.14 22.85 44.41 46.04 
34.06 35.61 34.71 36.24 35.38 36.88 36.07 37.54 36.77 38.21 37.48 38.9 38.21 39.6 38.95 40.31 39.7 41.04 40.46 41.77 41.23 42.52 42.01 43.28 42.8 44.05 43.6 44.82 44.41 45.61 45.22 46.4 46.04 47.2 46.87 48.01 47.71 48.83 48.55 49.65 49.4 50.48 50.25 51.31 8.0 8.25 7.0 7.28 6.0 6.32 5.0 5.39 4.0 4.47 3.0 3.61 2.0 2.83 1.0 2.24 0.0 2.0 1.0 2.24 32.7 33.54 33.62 34.44 34.54 35.34 35.47 36.25 36.4 37.16 3.61 5.0 46.69 47.07 47.68 48.05 30.41 31.83 38.59 36.89 42.05 42.94 30.53 29.53 14.87 16.28 26.63 28.3 60.88 59.55 19.92 20.62 23.77 24.35 42.44 44.1 
32.56 34.06 33.24 34.71 33.94 35.38 34.66 36.07 35.38 36.77 36.12 37.48 36.88 38.21 37.64 38.95 38.42 39.7 39.2 40.46 40.0 41.23 40.8 42.01 41.62 42.8 42.44 43.6 43.27 44.41 44.1 45.22 44.94 46.04 45.79 46.87 46.65 47.71 47.51 48.55 48.37 49.4 49.24 50.25 8.25 8.0 7.28 7.0 6.32 6.0 5.39 5.0 4.47 4.0 3.61 3.0 2.83 2.0 2.24 1.0 2.0 0.0 2.24 1.0 31.95 32.7 32.89 33.62 33.84 34.54 34.79 35.47 35.74 36.4 5.39 6.4 46.39 46.69 47.38 47.68 29.07 30.41 40.31 38.59 40.25 41.18 31.62 30.53 13.6 14.87 25.0 26.63 62.24 60.88 19.42 19.92 21.84 22.47 43.6 45.22 
33.42 35.0 34.06 35.61 34.71 36.24 35.38 36.88 36.07 37.54 36.77 38.21 37.48 38.9 38.21 39.6 38.95 40.31 39.7 41.04 40.46 41.77 41.23 42.52 42.01 43.28 42.8 44.05 43.6 44.82 44.41 45.61 45.22 46.4 46.04 47.2 46.87 48.01 47.71 48.83 48.55 49.65 49.4 50.48 9.0 9.22 8.0 8.25 7.0 7.28 6.0 6.32 5.0 5.39 4.0 4.47 3.0 3.61 2.0 2.83 1.0 2.24 0.0 2.0 31.78 32.65 32.7 33.54 33.62 34.44 34.54 35.34 35.47 36.25 3.16 4.24 45.71 46.1 46.69 47.07 31.14 32.53 39.12 37.44 41.63 42.49 29.68 28.65 15.62 16.97 27.2 28.84 60.14 58.8 20.88 21.54 23.54 24.04 41.62 43.27 
31.89 33.42 32.56 34.06 33.24 34.71 33.94 35.38 34.66 36.07 35.38 36.77 36.12 37.48 36.88 38.21 37.64 38.95 38.42 39.7 39.2 40.46 40.0 41.23 40.8 42.01 41.62 42.8 42.44 43.6 43.27 44.41 44.1 45.22 44.94 46.04 45.79 46.87 46.65 47.71 47.51 48.55 48.37 49.4 9.22 9.0 8.25 8.0 7.28 7.0 6.32 6.0 5.39 5.0 4.47 4.0 3.61 3.0 2.83 2.0 2.24 1.0 2.0 0.0 31.02 31.78 31.95 32.7 32.89 33.62 33.84 34.54 34.79 35.47 5.1 5.83 45.4 45.71 46.39 46.69 29.83 31.14 40.82 39.12 39.81 40.71 30.81 29.68 14.42 15.62 25.61 27.2 61.52 60.14 20.4 20.88 21.59 22.14 42.8 44.41 
15.26 17.0 14.76 16.55 14.32 16.16 13.93 15.81 13.6 15.52 13.34 15.3 13.15 15.13 13.04 15.03 13.0 15.0 13.04 15.03 13.15 15.13 13.34 15.3 13.6 15.52 13.93 15.81 14.32 16.16 14.76 16.55 15.26 17.0 15.81 17.49 16.4 18.03 17.03 18.6 17.69 19.21 18.38 19.85 40.16 39.56 39.22 38.6 38.28 37.64 37.34 36.69 36.4 35.74 35.47 34.79 34.54 33.84 33.62 32.89 32.7 31.95 31.78 31.02 0.0 2.0 1.0 2.24 2.0 2.83 3.0 3.61 4.0 4.47 32.25 30.53 16.76 16.28 17.72 17.26 52.61 52.95 67.94 66.6 27.73 26.93 29.27 27.29 41.11 41.01 45.89 46.32 56.04 54.12 49.5 49.25 26.0 24.17 37.34 37.66 
13.6 15.26 13.04 14.76 12.53 14.32 12.08 13.93 11.7 13.6 11.4 13.34 11.18 13.15 11.05 13.04 11.0 13.0 11.05 13.04 11.18 13.15 11.4 13.34 11.7 13.6 12.08 13.93 12.53 14.32 13.04 14.76 13.6 15.26 14.21 15.81 14.87 16.4 15.56 17.03 16.28 17.69 17.03 18.38 40.85 40.16 39.92 39.22 39.0 38.28 38.08 37.34 37.16 36.4 36.25 35.47 35.34 34.54 34.44 33.62 33.54 32.7 32.65 31.78 2.0 0.0 2.24 1.0 2.83 2.0 3.61 3.0 4.47 4.0 33.29 31.62 17.46 16.76 18.38 17.72 52.35 52.61 69.31 67.94 25.94 25.08 31.26 29.27 41.3 41.11 45.54 45.89 57.97 56.04 49.82 49.5 25.3 23.41 39.32 39.62 
15.81 17.49 15.26 17.0 14.76 16.55 14.32 16.16 13.93 15.81 13.6 15.52 13.34 15.3 13.15 15.13 13.04 15.03 13.0 15.0 13.04 15.03 13.15 15.13 13.34 15.3 13.6 15.52 13.93 15.81 14.32 16.16 14.76 16.55 15.26 17.0 15.81 17.49 16.4 18.03 17.03 18.6 17.69 19.21 41.11 40.52 40.16 39.56 39.22 38.6 38.28 37.64 37.34 36.69 36.4 35.74 35.47 34.79 34.54 33.84 33.62 32.89 32.7 31.95 1.0 2.24 0.0 2.0 1.0 2.24 2.0 2.83 3.0 3.61 33.12 31.38 15.81 15.3 16.76 16.28 53.6 53.94 68.68 67.36 28.18 27.31 29.43 27.46 42.11 42.01 46.87 47.3 55.79 53.85 50.49 50.25 26.93 25.08 37.22 37.48 
14.21 15.81 13.6 15.26 13.04 14.76 12.53 14.32 12.08 13.93 11.7 13.6 11.4 13.34 11.18 13.15 11.05 13.04 11.0 13.0 11.05 13.04 11.18 13.15 11.4 13.34 11.7 13.6 12.08 13.93 12.53 14.32 13.04 14.76 13.6 15.26 14.21 15.81 14.87 16.4 15.56 17.03 16.28 17.69 41.79 41.11 40.85 40.16 39.92 39.22 39.0 38.28 38.08 37.34 37.16 36.4 36.25 35.47 35.34 34.54 34.44 33.62 33.54 32.7 2.24 1.0 2.0 0.0 2.24 1.0 2.83 2.0 3.61 3.0 34.13 32.45 16.55 15.81 17.46 16.76 53.34 53.6 70.04 68.68 26.42 25.5 31.4 29.43 42.3 42.11 46.53 46.87 57.72 55.79 50.8 50.49 26.25 24.35 39.2 39.46 
16.4 18.03 15.81 17.49 15.26 17.0 14.76 16.55 14.32 16.16 13.93 15.81 13.6 15.52 13.34 15.3 13.15 15.13 13.04 15.03 13.0 15.0 13.04 15.03 13.15 15.13 13.34 15.3 13.6 15.52 13.93 15.81 14.32 16.16 14.76 16.55 15.26 17.0 15.81 17.49 16.4 18.03 17.03 18.6 42.06 41.48 41.11 40.52 40.16 39.56 39.22 38.6 38.28 37.64 37.34 36.69 36.4 35.74 35.47 34.79 34.54 33.84 33.62 32.89 2.0 2.83 1.0 2.24 0.0 2.0 1.0 2.24 2.0 2.83 34.0 32.25 14.87 14.32 15.81 15.3 54.59 54.92 69.43 68.12 28.65 27.73 29.61 27.66 43.1 43.01 47.85 48.27 55.54 53.6 51.48 51.24 27.86 26.0 37.12 37.34 
14.87 16.4 14.21 15.81 13.6 15.26 13.04 14.76 12.53 14.32 12.08 13.93 11.7 13.6 11.4 13.34 11.18 13.15 11.05 13.04 11.0 13.0 11.05 13.04 11.18 13.15 11.4 13.34 11.7 13.6 12.08 13.93 12.53 14.32 13.04 14.76 13.6 15.26 14.21 15.81 14.87 16.4 15.56 17.03 42.72 42.06 41.79 41.11 40.85 40.16 39.92 39.22 39.0 38.28 38.08 37.34 37.16 36.4 36.25 35.47 35.34 34.54 34.44 33.62 2.83 2.0 2.24 1.0 2.0 0.0 2.24 1.0 2.83 2.0 34.99 33.29 15.65 14.87 16.55 15.81 54.33 54.59 70.77 69.43 26.93 25.94 31.58 29.61 43.29 43.1 47.52 47.85 57.49 55.54 51.79 51.48 27.2 25.3 39.12 39.32 
17.03 18.6 16.4 18.03 15.81 17.49 15.26 17.0 14.76 16.55 14.32 16.16 13.93 15.81 13.6 15.52 13.34 15.3 13.15 15.13 13.04 15.03 13.0 15.0 13.04 15.03 13.15 15.13 13.34 15.3 13.6 15.52 13.93 15.81 14.32 16.16 14.76 16.55 15.26 17.0 15.81 17.49 16.4 18.03 43.01 42.45 42.06 41.48 41.11 40.52 40.16 39.56 39.22 38.6 38.28 37.64 37.34 36.69 36.4 35.74 35.47 34.79 34.54 33.84 3.0 3.61 2.0 2.83 1.0 2.24 0.0 2.0 1.0 2.24 34.89 33.12 13.93 13.34 14.87 14.32 55.58 55.9 70.18 68.88 29.15 28.18 29.83 27.89 44.1 44.01 48.84 49.24 55.32 53.37 52.47 52.24 28.79 26.93 37.05 37.22 
15.56 17.03 14.87 16.4 14.21 15.81 13.6 15.26 13.04 14.76 12.53 14.32 12.08 13.93 11.7 13.6 11.4 13.34 11.18 13.15 11.05 13.04 11.0 13.0 11.05 13.04 11.18 13.15 11.4 13.34 11.7 13.6 12.08 13.93 12.53 14.32 13.04 14.76 13.6 15.26 14.21 15.81 14.87 16.4 43.66 43.01 42.72 42.06 41.79 41.11 40.85 40.16 39.92 39.22 39.0 38.28 38.08 37.34 37.16 36.4 36.25 35.47 35.34 34.54 3.61 3.0 2.83 2.0 2.24 1.0 2.0 0.0 2.24 1.0 35.85 34.13 14.76 13.93 15.65 14.87 55.33 55.58 71.51 70.18 27.46 26.42 31.78 29.83 44.28 44.1 48.51 48.84 57.27 55.32 52.77 52.47 28.16 26.25 39.05 39.2 
17.69 19.21 17.03 18.6 16.4 18.03 15.81 17.49 15.26 17.0 14.76 16.55 14.32 16.16 13.93 15.81 13.6 15.52 13.34 15.3 13.15 15.13 13.04 15.03 13.0 15.0 13.04 15.03 13.15 15.13 13.34 15.3 13.6 15.52 13.93 15.81 14.32 16.16 14.76 16.55 15.26 17.0 15.81 17.49 43.97 43.42 43.01 42.45 42.06 41.48 41.11 40.52 40.16 39.56 39.22 38.6 38.28 37.64 37.34 36.69 36.4 35.74 35.47 34.79 4.0 4.47 3.0 3.61 2.0 2.83 1.0 2.24 0.0 2.0 35.78 34.0 13.0 12.37 13.93 13.34 56.57 56.89 70.94 69.66 29.68 28.65 30.08 28.16 45.1 45.01 49.82 50.22 55.11 53.15 53.46 53.24 29.73 27.86 37.01 37.12 
16.28 17.69 15.56 17.03 14.87 16.4 14.21 15.81 13.6 15.26 13.04 14.76 12.53 14.32 12.08 13.93 11.7 13.6 11.4 13.34 11.18 13.15 11.05 13.04 11.0 13.0 11.05 13.04 11.18 13.15 11.4 13.34 11.7 13.6 12.08 13.93 12.53 14.32 13.04 14.76 13.6 15.26 14.21 15.81 44.6 43.97 43.66 43.01 42.72 42.06 41.79 41.11 40.85 40.16 39.92 39.22 39.0 38.28 38.08 37.34 37.16 36.4 36.25 35.47 4.47 4.0 3.61 3.0 2.83 2.0 2.24 1.0 2.0 0.0 36.72 34.99 13.89 13.0 14.76 13.93 56.32 56.57 72.25 70.94 28.02 26.93 32.02 30.08 45.28 45.1 49.5 49.82 57.07 55.11 53.76 53.46 29.12 27.2 39.01 39.12 
35.23 36.89 35.81 37.44 36.4 38.01 37.01 38.6 37.64 39.2 38.29 39.82 38.95 40.46 39.62 41.11 40.31 41.77 41.01 42.45 41.73 43.14 42.45 43.84 43.19 44.55 43.93 45.28 44.69 46.01 45.45 46.75 46.23 47.51 47.01 48.27 47.8 49.04 48.6 49.82 49.41 50.61 50.22 51.4 10.44 11.18 9.49 10.3 8.54 9.43 7.62 8.6 6.71 7.81 5.83 7.07 5.0 6.4 4.24 5.83 3.61 5.39 3.16 5.1 32.25 33.29 33.12 34.13 34.0 34.99 34.89 35.85 35.78 36.72 0.0 2.0 45.35 45.88 46.32 46.84 33.94 35.38 37.2 35.61 44.01 44.78 27.29 26.4 18.38 19.85 30.23 31.91 57.38 56.08 22.85 23.71 26.31 26.68 39.12 40.82 
34.13 35.85 34.67 36.36 35.23 36.89 35.81 37.44 36.4 38.01 37.01 38.6 37.64 39.2 38.29 39.82 38.95 40.46 39.62 41.11 40.31 41.77 41.01 42.45 41.73 43.14 42.45 43.84 43.19 44.55 43.93 45.28 44.69 46.01 45.45 46.75 46.23 47.51 47.01 48.27 47.8 49.04 48.6 49.82 12.37 13.0 11.4 12.08 10.44 11.18 9.49 10.3 8.54 9.43 7.62 8.6 6.71 7.81 5.83 7.07 5.0 6.4 4.24 5.83 30.53 31.62 31.38 32.45 32.25 33.29 33.12 34.13 34.0 34.99 2.0 0.0 43.42 43.97 44.38 44.92 35.38 36.77 38.42 36.88 43.32 44.01 25.55 24.6 19.85 21.21 31.4 33.02 55.9 54.56 24.7 25.5 26.08 26.31 37.44 39.12 
30.0 31.24 29.21 30.48 28.43 29.73 27.66 29.0 26.91 28.28 26.17 27.59 25.46 26.91 24.76 26.25 24.08 25.61 23.43 25.0 22.8 24.41 22.2 23.85 21.63 23.32 21.1 22.83 20.59 22.36 20.12 21.93 19.7 21.54 19.31 21.19 18.97 20.88 18.68 20.62 18.44 20.4 18.25 20.22 54.59 54.33 53.6 53.34 52.61 52.35 51.62 51.35 50.64 50.36 49.65 49.37 48.66 48.37 47.68 47.38 46.69 46.39 45.71 45.4 16.76 17.46 15.81 16.55 14.87 15.65 13.93 14.76 13.0 13.89 45.35 43.42 0.0 2.0 1.0 2.24 69.23 69.63 77.7 76.66 41.04 39.7 31.24 29.73 57.04 57.14 62.59 63.06 49.01 47.01 65.03 65.0 42.72 40.85 33.84 33.24 
28.84 30.0 28.02 29.21 27.2 28.43 26.4 27.66 25.61 26.91 24.84 26.17 24.08 25.46 23.35 24.76 22.63 24.08 21.93 23.43 21.26 22.8 20.62 22.2 20.0 21.63 19.42 21.1 18.87 20.59 18.36 20.12 17.89 19.7 17.46 19.31 17.09 18.97 16.76 18.68 16.49 18.44 16.28 18.25 54.92 54.59 53.94 53.6 52.95 52.61 51.97 51.62 50.99 50.64 50.01 49.65 49.03 48.66 48.05 47.68 47.07 46.69 46.1 45.71 16.28 16.76 15.3 15.81 14.32 14.87 13.34 13.93 12.37 13.0 45.88 43.97 2.0 0.0 2.24 1.0 68.88 69.23 78.77 77.7 39.6 38.21 32.8 31.24 57.0 57.04 62.17 62.59 51.01 49.01 65.12 65.03 42.06 40.16 35.74 35.17 
30.81 32.02 30.0 31.24 29.21 30.48 28.43 29.73 27.66 29.0 26.91 28.28 26.17 27.59 25.46 26.91 24.76 26.25 24.08 25.61 23.43 25.0 22.8 24.41 22.2 23.85 21.63 23.32 21.1 22.83 20.59 22.36 20.12 21.93 19.7 21.54 19.31 21.19 18.97 20.88 18.68 20.62 18.44 20.4 55.58 55.33 54.59 54.33 53.6 53.34 52.61 52.35 51.62 51.35 50.64 50.36 49.65 49.37 48.66 48.37 47.68 47.38 46.69 46.39 17.72 18.38 16.76 17.46 15.81 16.55 14.87 15.65 13.93 14.76 46.32 44.38 1.0 2.24 0.0 2.0 70.21 70.61 78.55 77.52 41.73 40.36 31.89 30.41 58.03 58.14 63.56 64.03 49.04 47.04 66.03 66.0 43.66 41.79 34.18 33.53 
29.68 30.81 28.84 30.0 28.02 29.21 27.2 28.43 26.4 27.66 25.61 26.91 24.84 26.17 24.08 25.46 23.35 24.76 22.63 24.08 21.93 23.43 21.26 22.8 20.62 22.2 20.0 21.63 19.42 21.1 18.87 20.59 18.36 20.12 17.89 19.7 17.46 19.31 17.09 18.97 16.76 18.68 16.49 18.44 55.9 55.58 54.92 54.59 53.94 53.6 52.95 52.61 51.97 51.62 50.99 50.64 50.01 49.65 49.03 48.66 48.05 47.68 47.07 46.69 17.26 17.72 16.28 16.76 15.3 15.81 14.32 14.87 13.34 13.93 46.84 44.92 2.24 1.0 2.0 0.0 69.87 70.21 79.61 78.55 40.31 38.9 33.42 31.89 58.0 58.03 63.15 63.56 51.04 49.04 66.12 66.03 43.01 41.11 36.06 35.44 
44.28 44.55 45.28 45.54 46.27 46.53 47.27 47.52 48.26 48.51 49.25 49.5 50.25 50.49 51.24 51.48 52.24 52.47 53.24 53.46 54.23 54.45 55.23 55.44 56.22 56.44 57.22 57.43 58.22 58.42 59.21 59.41 60.21 60.41 61.2 61.4 62.2 62.39 63.2 63.39 64.2 64.38 65.19 65.38 25.24 23.6 25.81 24.21 26.4 24.84 27.02 25.5 27.66 26.17 28.32 26.87 29.0 27.59 29.7 28.32 30.41 29.07 31.14 29.83 52.61 52.35 53.6 53.34 54.59 54.33 55.58 55.33 56.57 56.32 33.94 35.38 69.23 68.88 70.21 69.87 0.0 2.0 54.04 52.04 43.46 45.31 60.61 59.41 15.56 14.21 7.07 7.62 91.29 89.94 15.3 13.34 28.07 30.07 72.62 74.2 
44.1 44.28 45.1 45.28 46.1 46.27 47.1 47.27 48.09 48.26 49.09 49.25 50.09 50.25 51.09 51.24 52.09 52.24 53.08 53.24 54.08 54.23 55.08 55.23 56.08 56.22 57.08 57.22 58.08 58.22 59.08 59.21 60.07 60.21 61.07 61.2 62.07 62.2 63.07 63.2 64.07 64.2 65.07 65.19 26.93 25.24 27.46 25.81 28.02 26.4 28.6 27.02 29.21 27.66 29.83 28.32 30.48 29.0 31.14 29.7 31.83 30.41 32.53 31.14 52.95 52.61 53.94 53.6 54.92 54.59 55.9 55.58 56.89 56.57 35.38 36.77 69.63 69.23 70.61 70.21 2.0 0.0 56.04 54.04 42.72 44.6 61.85 60.61 17.03 15.56 7.07 7.07 92.66 91.29 17.26 15.3 28.0 30.0 73.88 75.43 
72.42 74.06 73.01 74.63 73.6 75.21 74.2 75.8 74.81 76.4 75.43 77.01 76.06 77.62 76.69 78.24 77.34 78.87 77.99 79.51 78.64 80.16 79.31 80.81 79.98 81.47 80.66 82.13 81.34 82.81 82.04 83.49 82.73 84.17 83.44 84.86 84.15 85.56 84.86 86.27 85.59 86.98 86.31 87.69 35.11 37.0 35.47 37.34 35.85 37.7 36.25 38.08 36.67 38.48 37.12 38.91 37.59 39.36 38.08 39.82 38.59 40.31 39.12 40.82 67.94 69.31 68.68 70.04 69.43 70.77 70.18 71.51 70.94 72.25 37.2 38.42 77.7 78.77 78.55 79.61 54.04 56.04 0.0 2.0 80.53 81.49 49.04 49.77 43.93 45.89 55.23 57.22 65.49 65.28 39.01 41.01 61.74 62.61 55.73 57.71 
70.8 72.42 71.4 73.01 72.01 73.6 72.62 74.2 73.25 74.81 73.88 75.43 74.52 76.06 75.17 76.69 75.82 77.34 76.49 77.99 77.16 78.64 77.83 79.31 78.52 79.98 79.21 80.66 79.91 81.34 80.61 82.04 81.32 82.73 82.04 83.44 82.76 84.15 83.49 84.86 84.22 85.59 84.96 86.31 33.24 35.11 33.62 35.47 34.01 35.85 34.44 36.25 34.89 36.67 35.36 37.12 35.85 37.59 36.36 38.08 36.89 38.59 37.44 39.12 66.6 67.94 67.36 68.68 68.12 69.43 68.88 70.18 69.66 70.94 35.61 36.88 76.66 77.7 77.52 78.55 52.04 54.04 2.0 0.0 78.77 79.76 48.38 49.04 41.98 43.93 53.24 55.23 65.76 65.49 37.01 39.01 59.93 60.83 55.44 57.43 
12.65 10.77 13.0 11.18 13.42 11.66 13.89 12.21 14.42 12.81 15.0 13.45 15.62 14.14 16.28 14.87 16.97 15.62 17.69 16.4 18.44 17.2 19.21 18.03 20.0 18.87 20.81 19.72 21.63 20.59 22.47 21.47 23.32 22.36 24.19 23.26 25.06 24.17 25.94 25.08 26.83 26.0 27.73 26.93 46.04 44.41 45.49 43.83 44.94 43.27 44.42 42.72 43.91 42.19 43.42 41.68 42.94 41.18 42.49 40.71 42.05 40.25 41.63 39.81 27.73 25.94 28.18 26.42 28.65 26.93 29.15 27.46 29.68 28.02 44.01 43.32 41.04 39.6 41.73 40.31 43.46 42.72 80.53 78.77 0.0 2.0 54.59 52.61 40.31 38.95 36.67 35.85 83.49 81.6 48.92 47.63 19.21 18.03 64.29 64.85 
12.17 10.2 12.37 10.44 12.65 10.77 13.0 11.18 13.42 11.66 13.89 12.21 14.42 12.81 15.0 13.45 15.62 14.14 16.28 14.87 16.97 15.62 17.69 16.4 18.44 17.2 19.21 18.03 20.0 18.87 20.81 19.72 21.63 20.59 22.47 21.47 23.32 22.36 24.19 23.26 25.06 24.17 25.94 25.08 47.2 45.61 46.62 45.0 46.04 44.41 45.49 43.83 44.94 43.27 44.42 42.72 43.91 42.19 43.42 41.68 42.94 41.18 42.49 40.71 26.93 25.08 27.31 25.5 27.73 25.94 28.18 26.42 28.65 26.93 44.78 44.01 39.7 38.21 40.36 38.9 45.31 44.6 81.49 79.76 2.0 0.0 54.33 52.35 41.77 40.46 38.48 37.7 82.86 80.96 50.45 49.2 20.52 19.21 63.79 64.29 
42.19 44.18 42.11 44.1 42.05 44.05 42.01 44.01 42.0 44.0 42.01 44.01 42.05 44.05 42.11 44.1 42.19 44.18 42.3 44.28 42.43 44.41 42.58 44.55 42.76 44.72 42.95 44.91 43.17 45.12 43.42 45.35 43.68 45.61 43.97 45.88 44.27 46.17 44.6 46.49 44.94 46.82 45.31 47.17 37.58 38.47 36.67 37.59 35.78 36.72 34.89 35.85 34.0 34.99 33.12 34.13 32.25 33.29 31.38 32.45 30.53 31.62 29.68 30.81 29.27 31.26 29.43 31.4 29.61 31.58 29.83 31.78 30.08 32.02 27.29 25.55 31.24 32.8 31.89 33.42 60.61 61.85 49.04 48.38 54.59 54.33 0.0 2.0 45.22 46.4 55.9 57.28 31.4 29.83 50.09 51.0 43.83 42.95 12.04 13.6 
40.2 42.19 40.11 42.11 40.05 42.05 40.01 42.01 40.0 42.0 40.01 42.01 40.05 42.05 40.11 42.11 40.2 42.19 40.31 42.3 40.45 42.43 40.61 42.58 40.79 42.76 41.0 42.95 41.23 43.17 41.48 43.42 41.76 43.68 42.06 43.97 42.38 44.27 42.72 44.6 43.08 44.94 43.46 45.31 36.77 37.58 35.85 36.67 34.93 35.78 34.01 34.89 33.11 34.0 32.2 33.12 31.3 32.25 30.41 31.38 29.53 30.53 28.65 29.68 27.29 29.27 27.46 29.43 27.66 29.61 27.89 29.83 28.16 30.08 26.4 24.6 29.73 31.24 30.41 31.89 59.41 60.61 49.77 49.04 52.61 52.35 2.0 0.0 44.1 45.22 54.56 55.9 33.02 31.4 49.24 50.09 42.06 41.15 13.45 14.87 
36.67 37.59 37.58 38.47 38.48 39.36 39.4 40.25 40.31 41.15 41.23 42.05 42.15 42.95 43.08 43.86 44.01 44.78 44.94 45.69 45.88 46.62 46.82 47.54 47.76 48.47 48.7 49.4 49.65 50.33 50.6 51.26 51.55 52.2 52.5 53.14 53.45 54.08 54.41 55.03 55.36 55.97 56.32 56.92 10.44 8.54 10.77 8.94 11.18 9.43 11.66 10.0 12.21 10.63 12.81 11.31 13.45 12.04 14.14 12.81 14.87 13.6 15.62 14.42 41.11 41.3 42.11 42.3 43.1 43.29 44.1 44.28 45.1 45.28 18.38 19.85 57.04 57.0 58.03 58.0 15.56 17.03 43.93 41.98 40.31 41.77 45.22 44.1 0.0 2.0 12.65 14.56 75.74 74.41 8.94 8.25 21.4 23.02 57.2 58.82 
35.85 36.67 36.77 37.58 37.7 38.48 38.63 39.4 39.56 40.31 40.5 41.23 41.44 42.15 42.38 43.08 43.32 44.01 44.27 44.94 45.22 45.88 46.17 46.82 47.13 47.76 48.08 48.7 49.04 49.65 50.0 50.6 50.96 51.55 51.92 52.5 52.89 53.45 53.85 54.41 54.82 55.36 55.79 56.32 12.37 10.44 12.65 10.77 13.0 11.18 13.42 11.66 13.89 12.21 14.42 12.81 15.0 13.45 15.62 14.14 16.28 14.87 16.97 15.62 41.01 41.11 42.01 42.11 43.01 43.1 44.01 44.1 45.01 45.1 19.85 21.21 57.14 57.04 58.14 58.03 14.21 15.56 45.89 43.93 38.95 40.46 46.4 45.22 2.0 0.0 10.77 12.65 77.1 75.74 10.0 8.94 20.25 21.95 58.41 60.0 
37.22 37.48 38.21 38.47 39.2 39.46 40.2 40.45 41.19 41.44 42.19 42.43 43.19 43.42 44.18 44.41 45.18 45.4 46.17 46.39 47.17 47.38 48.17 48.37 49.16 49.37 50.16 50.36 51.16 51.35 52.15 52.35 53.15 53.34 54.15 54.33 55.15 55.33 56.14 56.32 57.14 57.31 58.14 58.31 23.09 21.19 23.41 21.54 23.77 21.93 24.17 22.36 24.6 22.83 25.06 23.32 25.55 23.85 26.08 24.41 26.63 25.0 27.2 25.61 45.89 45.54 46.87 46.53 47.85 47.52 48.84 48.51 49.82 49.5 30.23 31.4 62.59 62.17 63.56 63.15 7.07 7.07 55.23 53.24 36.67 38.48 55.9 54.56 12.65 10.77 0.0 2.0 87.0 85.56 16.49 14.56 21.02 23.02 67.94 69.43 
37.05 37.22 38.05 38.21 39.05 39.2 40.05 40.2 41.05 41.19 42.05 42.19 43.05 43.19 44.05 44.18 45.04 45.18 46.04 46.17 47.04 47.17 48.04 48.17 49.04 49.16 50.04 50.16 51.04 51.16 52.04 52.15 53.04 53.15 54.04 54.15 55.04 55.15 56.04 56.14 57.04 57.14 58.03 58.14 25.0 23.09 25.3 23.41 25.63 23.77 26.0 24.17 26.4 24.6 26.83 25.06 27.29 25.55 27.78 26.08 28.3 26.63 28.84 27.2 46.32 45.89 47.3 46.87 48.27 47.85 49.24 48.84 50.22 49.82 31.91 33.02 63.06 62.59 64.03 63.56 7.62 7.07 57.22 55.23 35.85 37.7 57.28 55.9 14.56 12.65 2.0 0.0 88.46 87.0 18.44 16.49 21.02 23.02 69.31 70.77 
70.84 72.73 70.52 72.42 70.21 72.12 69.92 71.84 69.64 71.57 69.38 71.31 69.12 71.06 68.88 70.83 68.66 70.61 68.45 70.41 68.25 70.21 68.07 70.04 67.9 69.87 67.74 69.72 67.6 69.58 67.48 69.46 67.36 69.35 67.27 69.26 67.19 69.18 67.12 69.12 67.07 69.07 67.03 69.03 67.01 68.25 66.22 67.48 65.44 66.71 64.66 65.95 63.89 65.19 63.13 64.44 62.37 63.7 61.62 62.97 60.88 62.24 60.14 61.52 56.04 57.97 55.79 57.72 55.54 57.49 55.32 57.27 55.11 57.07 57.38 55.9 49.01 51.01 49.04 51.04 91.29 92.66 65.49 65.76 83.49 82.86 31.4 33.02 75.74 77.1 87.0 88.46 0.0 2.0 79.4 80.6 74.95 73.93 19.72 18.79 
68.95 70.84 68.62 70.52 68.31 70.21 68.01 69.92 67.72 69.64 67.45 69.38 67.19 69.12 66.94 68.88 66.71 68.66 66.49 68.45 66.29 68.25 66.1 68.07 65.92 67.9 65.76 67.74 65.62 67.6 65.49 67.48 65.38 67.36 65.28 67.27 65.19 67.19 65.12 67.12 65.07 67.07 65.03 67.03 65.8 67.01 65.0 66.22 64.2 65.44 63.41 64.66 62.63 63.89 61.85 63.13 61.07 62.37 60.31 61.62 59.55 60.88 58.8 60.14 54.12 56.04 53.85 55.79 53.6 55.54 53.37 55.32 53.15 55.11 56.08 54.56 47.01 49.01 47.04 49.04 89.94 91.29 65.28 65.49 81.6 80.96 29.83 31.4 74.41 75.74 85.56 87.0 2.0 0.0 78.24 79.4 73.25 72.2 18.03 17.0 
45.62 46.53 46.52 47.41 47.42 48.3 48.33 49.19 49.24 50.09 50.16 50.99 51.08 51.89 52.0 52.8 52.92 53.71 53.85 54.63 54.78 55.54 55.71 56.46 56.65 57.38 57.58 58.31 58.52 59.24 59.46 60.17 60.41 61.1 61.35 62.03 62.3 62.97 63.25 63.91 64.2 64.85 65.15 65.79 12.53 11.7 13.42 12.65 14.32 13.6 15.23 14.56 16.16 15.52 17.09 16.49 18.03 17.46 18.97 18.44 19.92 19.42 20.88 20.4 49.5 49.82 50.49 50.8 51.48 51.79 52.47 52.77 53.46 53.76 22.85 24.7 65.03 65.12 66.03 66.12 15.3 17.26 39.01 37.01 48.92 50.45 50.09 49.24 8.94 10.0 16.49 18.44 79.4 78.24 0.0 2.0 30.23 31.91 61.77 63.53 
44.78 45.62 45.69 46.52 46.62 47.42 47.54 48.33 48.47 49.24 49.4 50.16 50.33 51.08 51.26 52.0 52.2 52.92 53.14 53.85 54.08 54.78 55.03 55.71 55.97 56.65 56.92 57.58 57.87 58.52 58.82 59.46 59.77 60.41 60.73 61.35 61.68 62.3 62.64 63.25 63.6 64.2 64.56 65.15 13.6 12.53 14.42 13.42 15.26 14.32 16.12 15.23 17.0 16.16 17.89 17.09 18.79 18.03 19.7 18.97 20.62 19.92 21.54 20.88 49.25 49.5 50.25 50.49 51.24 51.48 52.24 52.47 53.24 53.46 23.71 25.5 65.0 65.03 66.0 66.03 13.34 15.3 41.01 39.01 47.63 49.2 51.0 50.09 8.25 8.94 14.56 16.49 80.6 79.4 2.0 0.0 29.15 30.89 62.77 64.5 
16.28 16.76 17.26 17.72 18.25 18.68 19.24 19.65 20.22 20.62 21.21 21.59 22.2 22.56 23.19 23.54 24.19 24.52 25.18 25.5 26.17 26.48 27.17 27.46 28.16 28.44 29.15 29.43 30.15 30.41 31.14 31.4 32.14 32.39 33.14 33.38 34.13 34.37 35.13 35.36 36.12 36.35 37.12 37.34 26.93 25.24 26.42 24.7 25.94 24.19 25.5 23.71 25.08 23.26 24.7 22.85 24.35 22.47 24.04 22.14 23.77 21.84 23.54 21.59 26.0 25.3 26.93 26.25 27.86 27.2 28.79 28.16 29.73 29.12 26.31 26.08 42.72 42.06 43.66 43.01 28.07 28.0 61.74 59.93 19.21 20.52 43.83 42.06 21.4 20.25 21.02 21.02 74.95 73.25 30.23 29.15 0.0 2.0 55.23 56.3 
14.32 14.87 15.3 15.81 16.28 16.76 17.26 17.72 18.25 18.68 19.24 19.65 20.22 20.62 21.21 21.59 22.2 22.56 23.19 23.54 24.19 24.52 25.18 25.5 26.17 26.48 27.17 27.46 28.16 28.44 29.15 29.43 30.15 30.41 31.14 31.4 32.14 32.39 33.14 33.38 34.13 34.37 35.13 35.36 28.02 26.4 27.46 25.81 26.93 25.24 26.42 24.7 25.94 24.19 25.5 23.71 25.08 23.26 24.7 22.85 24.35 22.47 24.04 22.14 24.17 23.41 25.08 24.35 26.0 25.3 26.93 26.25 27.86 27.2 26.68 26.31 40.85 40.16 41.79 41.11 30.07 30.0 62.61 60.83 18.03 19.21 42.95 41.15 23.02 21.95 23.02 23.02 73.93 72.2 31.91 30.89 2.0 0.0 54.2 55.23 
51.66 53.6 51.42 53.37 51.2 53.15 50.99 52.95 50.8 52.77 50.64 52.61 50.49 52.47 50.36 52.35 50.25 52.24 50.16 52.15 50.09 52.09 50.04 52.04 50.01 52.01 50.0 52.0 50.01 52.01 50.04 52.04 50.09 52.09 50.16 52.15 50.25 52.24 50.36 52.35 50.49 52.47 50.64 52.61 49.24 50.25 48.37 49.4 47.51 48.55 46.65 47.71 45.79 46.87 44.94 46.04 44.1 45.22 43.27 44.41 42.44 43.6 41.62 42.8 37.34 39.32 37.22 39.2 37.12 39.12 37.05 39.05 37.01 39.01 39.12 37.44 33.84 35.74 34.18 36.06 72.62 73.88 55.73 55.44 64.29 63.79 12.04 13.45 57.2 58.41 67.94 69.31 19.72 18.03 61.77 62.77 55.23 54.2 0.0 2.0 
52.2 54.12 51.92 53.85 51.66 53.6 51.42 53.37 51.2 53.15 50.99 52.95 50.8 52.77 50.64 52.61 50.49 52.47 50.36 52.35 50.25 52.24 50.16 52.15 50.09 52.09 50.04 52.04 50.01 52.01 50.0 52.0 50.01 52.01 50.04 52.04 50.09 52.09 50.16 52.15 50.25 52.24 50.36 52.35 51.0 51.97 50.12 51.11 49.24 50.25 48.37 49.4 47.51 48.55 46.65 47.71 45.79 46.87 44.94 46.04 44.1 45.22 43.27 44.41 37.66 39.62 37.48 39.46 37.34 39.32 37.22 39.2 37.12 39.12 40.82 39.12 33.24 35.17 33.53 35.44 74.2 75.43 57.71 57.43 64.85 64.29 13.6 14.87 58.82 60.0 69.43 70.77 18.79 17.0 63.53 64.5 56.3 55.23 2.0 0.0 
