224
223
64 94
66 94
64 95
66 95
64 96
66 96
64 97
66 97
64 98
66 98
64 99
66 99
64 100
66 100
115 41
115 43
116 41
116 43
117 41
117 43
118 41
118 43
119 41
119 43
120 41
120 43
121 41
121 43
122 41
122 43
123 41
123 43
124 41
124 43
125 41
125 43
126 41
126 43
127 41
127 43
128 41
128 43
129 41
129 43
130 41
130 43
131 41
131 43
132 41
132 43
133 41
133 43
134 41
134 43
135 41
135 43
136 41
136 43
137 41
137 43
138 41
138 43
139 41
139 43
140 41
140 43
141 41
141 43
142 41
142 43
143 41
143 43
144 41
144 43
145 41
145 43
146 41
146 43
147 41
147 43
100 128
100 130
101 128
101 130
102 128
102 130
103 128
103 130
104 128
104 130
105 128
105 130
106 128
106 130
88 86
90 86
88 87
90 87
77 55
77 57
78 55
78 57
79 55
79 57
80 55
80 57
92 154
94 154
92 155
94 155
22 30
24 30
178 159
180 159
99 6
99 8
174 91
176 91
37 13
39 13
46 184
46 186
65 38
65 40
158 143
158 145
218 222
218 224
219 154
219 156
101 176
101 178
100 30
102 30
47 165
49 165
19 199
19 201
129 213
129 215
177 161
179 161
12 91
12 93
35 59
35 61
7 0
9 0
90 148
92 148
