146
149
142 12
144 12
142 13
144 13
142 14
144 14
142 15
144 15
142 16
144 16
142 17
144 17
142 18
144 18
142 19
144 19
142 20
144 20
142 21
144 21
142 22
144 22
142 23
144 23
142 24
144 24
132 102
134 102
132 103
134 103
132 104
134 104
132 105
134 105
132 106
134 106
132 107
134 107
132 108
134 108
132 109
134 109
132 110
134 110
132 111
134 111
132 112
134 112
119 69
119 71
120 69
120 71
121 69
121 71
122 69
122 71
123 69
123 71
124 69
124 71
125 69
125 71
126 69
126 71
127 69
127 71
128 69
128 71
129 69
129 71
130 69
130 71
131 69
131 71
132 69
132 71
133 69
133 71
134 69
134 71
135 69
135 71
87 104
87 106
33 105
33 107
66 88
66 90
131 42
133 42
65 132
67 132
40 29
42 29
83 140
85 140
94 139
94 141
98 64
98 66
17 48
17 50
145 14
147 14
140 73
142 73
27 67
29 67
91 104
91 106
126 109
126 111
129 46
131 46
106 78
108 78
39 133
39 135
125 74
125 76
18 35
20 35
88 138
88 140
57 86
57 88
55 52
55 54
26 123
28 123
26 0
28 0
59 83
59 85
110 31
112 31
68 68
70 68
55 29
57 29
27 105
27 107
93 112
95 112
114 121
116 121
59 68
59 70
130 16
132 16
