185
134
85 126
85 128
86 126
86 128
87 126
87 128
88 126
88 128
89 126
89 128
90 126
90 128
91 126
91 128
92 126
92 128
93 126
93 128
94 126
94 128
95 126
95 128
96 126
96 128
97 126
97 128
98 126
98 128
99 126
99 128
100 126
100 128
101 126
101 128
102 126
102 128
103 126
103 128
104 126
104 128
105 126
105 128
106 126
106 128
107 126
107 128
131 111
131 113
132 111
132 113
72 44
74 44
112 133
114 133
5 27
7 27
53 45
55 45
104 65
106 65
74 131
74 133
108 45
110 45
26 88
26 90
100 22
100 24
33 35
35 35
153 102
153 104
160 107
160 109
142 116
142 118
136 15
136 17
56 104
56 106
71 30
71 32
170 129
172 129
175 46
175 48
160 61
160 63
79 29
81 29
150 126
152 126
100 117
102 117
184 11
186 11
101 53
101 55
74 71
74 73
