100
0.0 2.0 1.0 2.24 2.0 2.83 3.0 3.61 4.0 4.47 5.0 5.39 6.0 6.32 7.0 7.28 8.0 8.25 9.0 9.22 10.0 10.2 11.0 11.18 12.0 12.17 13.0 13.15 14.0 14.14 15.0 15.13 16.0 16.12 17.0 17.12 18.0 18.11 19.0 19.1 20.0 20.1 21.0 21.1 22.0 22.09 23.0 23.09 24.0 24.08 25.0 25.08 26.0 26.08 27.0 27.07 28.0 28.07 29.0 29.07 30.0 30.07 31.0 31.06 32.0 32.06 33.0 33.06 34.0 34.06 35.0 35.06 36.0 36.06 14.32 16.16 14.76 16.55 15.26 17.0 15.81 17.49 16.4 18.03 17.03 18.6 17.69 19.21 18.38 19.85 19.1 20.52 19.85 21.21 39.96 41.68 40.5 42.19 30.0 30.07 
2.0 0.0 2.24 1.0 2.83 2.0 3.61 3.0 4.47 4.0 5.39 5.0 6.32 6.0 7.28 7.0 8.25 8.0 9.22 9.0 10.2 10.0 11.18 11.0 12.17 12.0 13.15 13.0 14.14 14.0 15.13 15.0 16.12 16.0 17.12 17.0 18.11 18.0 19.1 19.0 20.1 20.0 21.1 21.0 22.09 22.0 23.09 23.0 24.08 24.0 25.08 25.0 26.08 26.0 27.07 27.0 28.07 28.0 29.07 29.0 30.07 30.0 31.06 31.0 32.06 32.0 33.06 33.0 34.06 34.0 35.06 35.0 36.06 36.0 13.6 15.52 13.93 15.81 14.32 16.16 14.76 16.55 15.26 17.0 15.81 17.49 16.4 18.03 17.03 18.6 17.69 19.21 18.38 19.85 38.28 39.96 38.83 40.5 28.0 28.07 
1.0 2.24 0.0 2.0 1.0 2.24 2.0 2.83 3.0 3.61 4.0 4.47 5.0 5.39 6.0 6.32 7.0 7.28 8.0 8.25 9.0 9.22 10.0 10.2 11.0 11.18 12.0 12.17 13.0 13.15 14.0 14.14 15.0 15.13 16.0 16.12 17.0 17.12 18.0 18.11 19.0 19.1 20.0 20.1 21.0 21.1 22.0 22.09 23.0 23.09 24.0 24.08 25.0 25.08 26.0 26.08 27.0 27.07 28.0 28.07 29.0 29.07 30.0 30.07 31.0 31.06 32.0 32.06 33.0 33.06 34.0 34.06 35.0 35.06 13.42 15.23 13.89 15.65 14.42 16.12 15.0 16.64 15.62 17.2 16.28 17.8 16.97 18.44 17.69 19.1 18.44 19.8 19.21 20.52 39.45 41.18 39.96 41.68 30.02 30.02 
2.24 1.0 2.0 0.0 2.24 1.0 2.83 2.0 3.61 3.0 4.47 4.0 5.39 5.0 6.32 6.0 7.28 7.0 8.25 8.0 9.22 9.0 10.2 10.0 11.18 11.0 12.17 12.0 13.15 13.0 14.14 14.0 15.13 15.0 16.12 16.0 17.12 17.0 18.11 18.0 19.1 19.0 20.1 20.0 21.1 21.0 22.09 22.0 23.09 23.0 24.08 24.0 25.08 25.0 26.08 26.0 27.07 27.0 28.07 28.0 29.07 29.0 30.07 30.0 31.06 31.0 32.06 32.0 33.06 33.0 34.06 34.0 35.06 35.0 12.65 14.56 13.0 14.87 13.42 15.23 13.89 15.65 14.42 16.12 15.0 16.64 15.62 17.2 16.28 17.8 16.97 18.44 17.69 19.1 37.74 39.45 38.28 39.96 28.02 28.02 
2.0 2.83 1.0 2.24 0.0 2.0 1.0 2.24 2.0 2.83 3.0 3.61 4.0 4.47 5.0 5.39 6.0 6.32 7.0 7.28 8.0 8.25 9.0 9.22 10.0 10.2 11.0 11.18 12.0 12.17 13.0 13.15 14.0 14.14 15.0 15.13 16.0 16.12 17.0 17.12 18.0 18.11 19.0 19.1 20.0 20.1 21.0 21.1 22.0 22.09 23.0 23.09 24.0 24.08 25.0 25.08 26.0 26.08 27.0 27.07 28.0 28.07 29.0 29.07 30.0 30.07 31.0 31.06 32.0 32.06 33.0 33.06 34.0 34.06 12.53 14.32 13.04 14.76 13.6 15.26 14.21 15.81 14.87 16.4 15.56 17.03 16.28 17.69 17.03 18.38 17.8 19.1 18.6 19.85 38.95 40.71 39.45 41.18 30.07 30.0 
2.83 2.0 2.24 1.0 2.0 0.0 2.24 1.0 2.83 2.0 3.61 3.0 4.47 4.0 5.39 5.0 6.32 6.0 7.28 7.0 8.25 8.0 9.22 9.0 10.2 10.0 11.18 11.0 12.17 12.0 13.15 13.0 14.14 14.0 15.13 15.0 16.12 16.0 17.12 17.0 18.11 18.0 19.1 19.0 20.1 20.0 21.1 21.0 22.09 22.0 23.09 23.0 24.08 24.0 25.08 25.0 26.08 26.0 27.07 27.0 28.07 28.0 29.07 29.0 30.07 30.0 31.06 31.0 32.06 32.0 33.06 33.0 34.06 34.0 11.7 13.6 12.08 13.93 12.53 14.32 13.04 14.76 13.6 15.26 14.21 15.81 14.87 16.4 15.56 17.03 16.28 17.69 17.03 18.38 37.22 38.95 37.74 39.45 28.07 28.0 
3.0 3.61 2.0 2.83 1.0 2.24 0.0 2.0 1.0 2.24 2.0 2.83 3.0 3.61 4.0 4.47 5.0 5.39 6.0 6.32 7.0 7.28 8.0 8.25 9.0 9.22 10.0 10.2 11.0 11.18 12.0 12.17 13.0 13.15 14.0 14.14 15.0 15.13 16.0 16.12 17.0 17.12 18.0 18.11 19.0 19.1 20.0 20.1 21.0 21.1 22.0 22.09 23.0 23.09 24.0 24.08 25.0 25.08 26.0 26.08 27.0 27.07 28.0 28.07 29.0 29.07 30.0 30.07 31.0 31.06 32.0 32.06 33.0 33.06 11.66 13.42 12.21 13.89 12.81 14.42 13.45 15.0 14.14 15.62 14.87 16.28 15.62 16.97 16.4 17.69 17.2 18.44 18.03 19.21 38.47 40.25 38.95 40.71 30.15 30.02 
3.61 3.0 2.83 2.0 2.24 1.0 2.0 0.0 2.24 1.0 2.83 2.0 3.61 3.0 4.47 4.0 5.39 5.0 6.32 6.0 7.28 7.0 8.25 8.0 9.22 9.0 10.2 10.0 11.18 11.0 12.17 12.0 13.15 13.0 14.14 14.0 15.13 15.0 16.12 16.0 17.12 17.0 18.11 18.0 19.1 19.0 20.1 20.0 21.1 21.0 22.09 22.0 23.09 23.0 24.08 24.0 25.08 25.0 26.08 26.0 27.07 27.0 28.07 28.0 29.07 29.0 30.07 30.0 31.06 31.0 32.06 32.0 33.06 33.0 10.77 12.65 11.18 13.0 11.66 13.42 12.21 13.89 12.81 14.42 13.45 15.0 14.14 15.62 14.87 16.28 15.62 16.97 16.4 17.69 36.72 38.47 37.22 38.95 28.16 28.02 
4.0 4.47 3.0 3.61 2.0 2.83 1.0 2.24 0.0 2.0 1.0 2.24 2.0 2.83 3.0 3.61 4.0 4.47 5.0 5.39 6.0 6.32 7.0 7.28 8.0 8.25 9.0 9.22 10.0 10.2 11.0 11.18 12.0 12.17 13.0 13.15 14.0 14.14 15.0 15.13 16.0 16.12 17.0 17.12 18.0 18.11 19.0 19.1 20.0 20.1 21.0 21.1 22.0 22.09 23.0 23.09 24.0 24.08 25.0 25.08 26.0 26.08 27.0 27.07 28.0 28.07 29.0 29.07 30.0 30.07 31.0 31.06 32.0 32.06 10.82 12.53 11.4 13.04 12.04 13.6 12.73 14.21 13.45 14.87 14.21 15.56 15.0 16.28 15.81 17.03 16.64 17.8 17.49 18.6 38.01 39.81 38.47 40.25 30.27 30.07 
4.47 4.0 3.61 3.0 2.83 2.0 2.24 1.0 2.0 0.0 2.24 1.0 2.83 2.0 3.61 3.0 4.47 4.0 5.39 5.0 6.32 6.0 7.28 7.0 8.25 8.0 9.22 9.0 10.2 10.0 11.18 11.0 12.17 12.0 13.15 13.0 14.14 14.0 15.13 15.0 16.12 16.0 17.12 17.0 18.11 18.0 19.1 19.0 20.1 20.0 21.1 21.0 22.09 22.0 23.09 23.0 24.08 24.0 25.08 25.0 26.08 26.0 27.07 27.0 28.07 28.0 29.07 29.0 30.07 30.0 31.06 31.0 32.06 32.0 9.85 11.7 10.3 12.08 10.82 12.53 11.4 13.04 12.04 13.6 12.73 14.21 13.45 14.87 14.21 15.56 15.0 16.28 15.81 17.03 36.24 38.01 36.72 38.47 28.28 28.07 
5.0 5.39 4.0 4.47 3.0 3.61 2.0 2.83 1.0 2.24 0.0 2.0 1.0 2.24 2.0 2.83 3.0 3.61 4.0 4.47 5.0 5.39 6.0 6.32 7.0 7.28 8.0 8.25 9.0 9.22 10.0 10.2 11.0 11.18 12.0 12.17 13.0 13.15 14.0 14.14 15.0 15.13 16.0 16.12 17.0 17.12 18.0 18.11 19.0 19.1 20.0 20.1 21.0 21.1 22.0 22.09 23.0 23.09 24.0 24.08 25.0 25.08 26.0 26.08 27.0 27.07 28.0 28.07 29.0 29.07 30.0 30.07 31.0 31.06 10.0 11.66 10.63 12.21 11.31 12.81 12.04 13.45 12.81 14.14 13.6 14.87 14.42 15.62 15.26 16.4 16.12 17.2 17.0 18.03 37.58 39.4 38.01 39.81 30.41 30.15 
5.39 5.0 4.47 4.0 3.61 3.0 2.83 2.0 2.24 1.0 2.0 0.0 2.24 1.0 2.83 2.0 3.61 3.0 4.47 4.0 5.39 5.0 6.32 6.0 7.28 7.0 8.25 8.0 9.22 9.0 10.2 10.0 11.18 11.0 12.17 12.0 13.15 13.0 14.14 14.0 15.13 15.0 16.12 16.0 17.12 17.0 18.11 18.0 19.1 19.0 20.1 20.0 21.1 21.0 22.09 22.0 23.09 23.0 24.08 24.0 25.08 25.0 26.08 26.0 27.07 27.0 28.07 28.0 29.07 29.0 30.07 30.0 31.06 31.0 8.94 10.77 9.43 11.18 10.0 11.66 10.63 12.21 11.31 12.81 12.04 13.45 12.81 14.14 13.6 14.87 14.42 15.62 15.26 16.4 35.78 37.58 36.24 38.01 28.44 28.16 
6.0 6.32 5.0 5.39 4.0 4.47 3.0 3.61 2.0 2.83 1.0 2.24 0.0 2.0 1.0 2.24 2.0 2.83 3.0 3.61 4.0 4.47 5.0 5.39 6.0 6.32 7.0 7.28 8.0 8.25 9.0 9.22 10.0 10.2 11.0 11.18 12.0 12.17 13.0 13.15 14.0 14.14 15.0 15.13 16.0 16.12 17.0 17.12 18.0 18.11 19.0 19.1 20.0 20.1 21.0 21.1 22.0 22.09 23.0 23.09 24.0 24.08 25.0 25.08 26.0 26.08 27.0 27.07 28.0 28.07 29.0 29.07 30.0 30.07 9.22 10.82 9.9 11.4 10.63 12.04 11.4 12.73 12.21 13.45 13.04 14.21 13.89 15.0 14.76 15.81 15.65 16.64 16.55 17.49 37.16 39.0 37.58 39.4 30.59 30.27 
6.32 6.0 5.39 5.0 4.47 4.0 3.61 3.0 2.83 2.0 2.24 1.0 2.0 0.0 2.24 1.0 2.83 2.0 3.61 3.0 4.47 4.0 5.39 5.0 6.32 6.0 7.28 7.0 8.25 8.0 9.22 9.0 10.2 10.0 11.18 11.0 12.17 12.0 13.15 13.0 14.14 14.0 15.13 15.0 16.12 16.0 17.12 17.0 18.11 18.0 19.1 19.0 20.1 20.0 21.1 21.0 22.09 22.0 23.09 23.0 24.08 24.0 25.08 25.0 26.08 26.0 27.07 27.0 28.07 28.0 29.07 29.0 30.07 30.0 8.06 9.85 8.6 10.3 9.22 10.82 9.9 11.4 10.63 12.04 11.4 12.73 12.21 13.45 13.04 14.21 13.89 15.0 14.76 15.81 35.34 37.16 35.78 37.58 28.64 28.28 
7.0 7.28 6.0 6.32 5.0 5.39 4.0 4.47 3.0 3.61 2.0 2.83 1.0 2.24 0.0 2.0 1.0 2.24 2.0 2.83 3.0 3.61 4.0 4.47 5.0 5.39 6.0 6.32 7.0 7.28 8.0 8.25 9.0 9.22 10.0 10.2 11.0 11.18 12.0 12.17 13.0 13.15 14.0 14.14 15.0 15.13 16.0 16.12 17.0 17.12 18.0 18.11 19.0 19.1 20.0 20.1 21.0 21.1 22.0 22.09 23.0 23.09 24.0 24.08 25.0 25.08 26.0 26.08 27.0 27.07 28.0 28.07 29.0 29.07 8.49 10.0 9.22 10.63 10.0 11.31 10.82 12.04 11.66 12.81 12.53 13.6 13.42 14.42 14.32 15.26 15.23 16.12 16.16 17.0 36.77 38.63 37.16 39.0 30.81 30.41 
7.28 7.0 6.32 6.0 5.39 5.0 4.47 4.0 3.61 3.0 2.83 2.0 2.24 1.0 2.0 0.0 2.24 1.0 2.83 2.0 3.61 3.0 4.47 4.0 5.39 5.0 6.32 6.0 7.28 7.0 8.25 8.0 9.22 9.0 10.2 10.0 11.18 11.0 12.17 12.0 13.15 13.0 14.14 14.0 15.13 15.0 16.12 16.0 17.12 17.0 18.11 18.0 19.1 19.0 20.1 20.0 21.1 21.0 22.09 22.0 23.09 23.0 24.08 24.0 25.08 25.0 26.08 26.0 27.07 27.0 28.07 28.0 29.07 29.0 7.21 8.94 7.81 9.43 8.49 10.0 9.22 10.63 10.0 11.31 10.82 12.04 11.66 12.81 12.53 13.6 13.42 14.42 14.32 15.26 34.93 36.77 35.34 37.16 28.86 28.44 
8.0 8.25 7.0 7.28 6.0 6.32 5.0 5.39 4.0 4.47 3.0 3.61 2.0 2.83 1.0 2.24 0.0 2.0 1.0 2.24 2.0 2.83 3.0 3.61 4.0 4.47 5.0 5.39 6.0 6.32 7.0 7.28 8.0 8.25 9.0 9.22 10.0 10.2 11.0 11.18 12.0 12.17 13.0 13.15 14.0 14.14 15.0 15.13 16.0 16.12 17.0 17.12 18.0 18.11 19.0 19.1 20.0 20.1 21.0 21.1 22.0 22.09 23.0 23.09 24.0 24.08 25.0 25.08 26.0 26.08 27.0 27.07 28.0 28.07 7.81 9.22 8.6 9.9 9.43 10.63 10.3 11.4 11.18 12.21 12.08 13.04 13.0 13.89 13.93 14.76 14.87 15.65 15.81 16.55 36.4 38.28 36.77 38.63 31.05 30.59 
8.25 8.0 7.28 7.0 6.32 6.0 5.39 5.0 4.47 4.0 3.61 3.0 2.83 2.0 2.24 1.0 2.0 0.0 2.24 1.0 2.83 2.0 3.61 3.0 4.47 4.0 5.39 5.0 6.32 6.0 7.28 7.0 8.25 8.0 9.22 9.0 10.2 10.0 11.18 11.0 12.17 12.0 13.15 13.0 14.14 14.0 15.13 15.0 16.12 16.0 17.12 17.0 18.11 18.0 19.1 19.0 20.1 20.0 21.1 21.0 22.09 22.0 23.09 23.0 24.08 24.0 25.08 25.0 26.08 26.0 27.07 27.0 28.07 28.0 6.4 8.06 7.07 8.6 7.81 9.22 8.6 9.9 9.43 10.63 10.3 11.4 11.18 12.21 12.08 13.04 13.0 13.89 13.93 14.76 34.54 36.4 34.93 36.77 29.12 28.64 
9.0 9.22 8.0 8.25 7.0 7.28 6.0 6.32 5.0 5.39 4.0 4.47 3.0 3.61 2.0 2.83 1.0 2.24 0.0 2.0 1.0 2.24 2.0 2.83 3.0 3.61 4.0 4.47 5.0 5.39 6.0 6.32 7.0 7.28 8.0 8.25 9.0 9.22 10.0 10.2 11.0 11.18 12.0 12.17 13.0 13.15 14.0 14.14 15.0 15.13 16.0 16.12 17.0 17.12 18.0 18.11 19.0 19.1 20.0 20.1 21.0 21.1 22.0 22.09 23.0 23.09 24.0 24.08 25.0 25.08 26.0 26.08 27.0 27.07 7.21 8.49 8.06 9.22 8.94 10.0 9.85 10.82 10.77 11.66 11.7 12.53 12.65 13.42 13.6 14.32 14.56 15.23 15.52 16.16 36.06 37.95 36.4 38.28 31.32 30.81 
9.22 9.0 8.25 8.0 7.28 7.0 6.32 6.0 5.39 5.0 4.47 4.0 3.61 3.0 2.83 2.0 2.24 1.0 2.0 0.0 2.24 1.0 2.83 2.0 3.61 3.0 4.47 4.0 5.39 5.0 6.32 6.0 7.28 7.0 8.25 8.0 9.22 9.0 10.2 10.0 11.18 11.0 12.17 12.0 13.15 13.0 14.14 14.0 15.13 15.0 16.12 16.0 17.12 17.0 18.11 18.0 19.1 19.0 20.1 20.0 21.1 21.0 22.09 22.0 23.09 23.0 24.08 24.0 25.08 25.0 26.08 26.0 27.07 27.0 5.66 7.21 6.4 7.81 7.21 8.49 8.06 9.22 8.94 10.0 9.85 10.82 10.77 11.66 11.7 12.53 12.65 13.42 13.6 14.32 34.18 36.06 34.54 36.4 29.41 28.86 
10.0 10.2 9.0 9.22 8.0 8.25 7.0 7.28 6.0 6.32 5.0 5.39 4.0 4.47 3.0 3.61 2.0 2.83 1.0 2.24 0.0 2.0 1.0 2.24 2.0 2.83 3.0 3.61 4.0 4.47 5.0 5.39 6.0 6.32 7.0 7.28 8.0 8.25 9.0 9.22 10.0 10.2 11.0 11.18 12.0 12.17 13.0 13.15 14.0 14.14 15.0 15.13 16.0 16.12 17.0 17.12 18.0 18.11 19.0 19.1 20.0 20.1 21.0 21.1 22.0 22.09 23.0 23.09 24.0 24.08 25.0 25.08 26.0 26.08 6.71 7.81 7.62 8.6 8.54 9.43 9.49 10.3 10.44 11.18 11.4 12.08 12.37 13.0 13.34 13.93 14.32 14.87 15.3 15.81 35.74 37.64 36.06 37.95 31.62 31.05 
10.2 10.0 9.22 9.0 8.25 8.0 7.28 7.0 6.32 6.0 5.39 5.0 4.47 4.0 3.61 3.0 2.83 2.0 2.24 1.0 2.0 0.0 2.24 1.0 2.83 2.0 3.61 3.0 4.47 4.0 5.39 5.0 6.32 6.0 7.28 7.0 8.25 8.0 9.22 9.0 10.2 10.0 11.18 11.0 12.17 12.0 13.15 13.0 14.14 14.0 15.13 15.0 16.12 16.0 17.12 17.0 18.11 18.0 19.1 19.0 20.1 20.0 21.1 21.0 22.09 22.0 23.09 23.0 24.08 24.0 25.08 25.0 26.08 26.0 5.0 6.4 5.83 7.07 6.71 7.81 7.62 8.6 8.54 9.43 9.49 10.3 10.44 11.18 11.4 12.08 12.37 13.0 13.34 13.93 33.84 35.74 34.18 36.06 29.73 29.12 
11.0 11.18 10.0 10.2 9.0 9.22 8.0 8.25 7.0 7.28 6.0 6.32 5.0 5.39 4.0 4.47 3.0 3.61 2.0 2.83 1.0 2.24 0.0 2.0 1.0 2.24 2.0 2.83 3.0 3.61 4.0 4.47 5.0 5.39 6.0 6.32 7.0 7.28 8.0 8.25 9.0 9.22 10.0 10.2 11.0 11.18 12.0 12.17 13.0 13.15 14.0 14.14 15.0 15.13 16.0 16.12 17.0 17.12 18.0 18.11 19.0 19.1 20.0 20.1 21.0 21.1 22.0 22.09 23.0 23.09 24.0 24.08 25.0 25.08 6.32 7.21 7.28 8.06 8.25 8.94 9.22 9.85 10.2 10.77 11.18 11.7 12.17 12.65 13.15 13.6 14.14 14.56 15.13 15.52 35.44 37.36 35.74 37.64 31.95 31.32 
11.18 11.0 10.2 10.0 9.22 9.0 8.25 8.0 7.28 7.0 6.32 6.0 5.39 5.0 4.47 4.0 3.61 3.0 2.83 2.0 2.24 1.0 2.0 0.0 2.24 1.0 2.83 2.0 3.61 3.0 4.47 4.0 5.39 5.0 6.32 6.0 7.28 7.0 8.25 8.0 9.22 9.0 10.2 10.0 11.18 11.0 12.17 12.0 13.15 13.0 14.14 14.0 15.13 15.0 16.12 16.0 17.12 17.0 18.11 18.0 19.1 19.0 20.1 20.0 21.1 21.0 22.09 22.0 23.09 23.0 24.08 24.0 25.08 25.0 4.47 5.66 5.39 6.4 6.32 7.21 7.28 8.06 8.25 8.94 9.22 9.85 10.2 10.77 11.18 11.7 12.17 12.65 13.15 13.6 33.53 35.44 33.84 35.74 30.08 29.41 
12.0 12.17 11.0 11.18 10.0 10.2 9.0 9.22 8.0 8.25 7.0 7.28 6.0 6.32 5.0 5.39 4.0 4.47 3.0 3.61 2.0 2.83 1.0 2.24 0.0 2.0 1.0 2.24 2.0 2.83 3.0 3.61 4.0 4.47 5.0 5.39 6.0 6.32 7.0 7.28 8.0 8.25 9.0 9.22 10.0 10.2 11.0 11.18 12.0 12.17 13.0 13.15 14.0 14.14 15.0 15.13 16.0 16.12 17.0 17.12 18.0 18.11 19.0 19.1 20.0 20.1 21.0 21.1 22.0 22.09 23.0 23.09 24.0 24.08 6.08 6.71 7.07 7.62 8.06 8.54 9.06 9.49 10.05 10.44 11.05 11.4 12.04 12.37 13.04 13.34 14.04 14.32 15.03 15.3 35.17 37.11 35.44 37.36 32.31 31.62 
12.17 12.0 11.18 11.0 10.2 10.0 9.22 9.0 8.25 8.0 7.28 7.0 6.32 6.0 5.39 5.0 4.47 4.0 3.61 3.0 2.83 2.0 2.24 1.0 2.0 0.0 2.24 1.0 2.83 2.0 3.61 3.0 4.47 4.0 5.39 5.0 6.32 6.0 7.28 7.0 8.25 8.0 9.22 9.0 10.2 10.0 11.18 11.0 12.17 12.0 13.15 13.0 14.14 14.0 15.13 15.0 16.12 16.0 17.12 17.0 18.11 18.0 19.1 19.0 20.1 20.0 21.1 21.0 22.09 22.0 23.09 23.0 24.08 24.0 4.12 5.0 5.1 5.83 6.08 6.71 7.07 7.62 8.06 8.54 9.06 9.49 10.05 10.44 11.05 11.4 12.04 12.37 13.04 13.34 33.24 35.17 33.53 35.44 30.46 29.73 
13.0 13.15 12.0 12.17 11.0 11.18 10.0 10.2 9.0 9.22 8.0 8.25 7.0 7.28 6.0 6.32 5.0 5.39 4.0 4.47 3.0 3.61 2.0 2.83 1.0 2.24 0.0 2.0 1.0 2.24 2.0 2.83 3.0 3.61 4.0 4.47 5.0 5.39 6.0 6.32 7.0 7.28 8.0 8.25 9.0 9.22 10.0 10.2 11.0 11.18 12.0 12.17 13.0 13.15 14.0 14.14 15.0 15.13 16.0 16.12 17.0 17.12 18.0 18.11 19.0 19.1 20.0 20.1 21.0 21.1 22.0 22.09 23.0 23.09 6.0 6.32 7.0 7.28 8.0 8.25 9.0 9.22 10.0 10.2 11.0 11.18 12.0 12.17 13.0 13.15 14.0 14.14 15.0 15.13 34.93 36.88 35.17 37.11 32.7 31.95 
13.15 13.0 12.17 12.0 11.18 11.0 10.2 10.0 9.22 9.0 8.25 8.0 7.28 7.0 6.32 6.0 5.39 5.0 4.47 4.0 3.61 3.0 2.83 2.0 2.24 1.0 2.0 0.0 2.24 1.0 2.83 2.0 3.61 3.0 4.47 4.0 5.39 5.0 6.32 6.0 7.28 7.0 8.25 8.0 9.22 9.0 10.2 10.0 11.18 11.0 12.17 12.0 13.15 13.0 14.14 14.0 15.13 15.0 16.12 16.0 17.12 17.0 18.11 18.0 19.1 19.0 20.1 20.0 21.1 21.0 22.09 22.0 23.09 23.0 4.0 4.47 5.0 5.39 6.0 6.32 7.0 7.28 8.0 8.25 9.0 9.22 10.0 10.2 11.0 11.18 12.0 12.17 13.0 13.15 32.98 34.93 33.24 35.17 30.87 30.08 
14.0 14.14 13.0 13.15 12.0 12.17 11.0 11.18 10.0 10.2 9.0 9.22 8.0 8.25 7.0 7.28 6.0 6.32 5.0 5.39 4.0 4.47 3.0 3.61 2.0 2.83 1.0 2.24 0.0 2.0 1.0 2.24 2.0 2.83 3.0 3.61 4.0 4.47 5.0 5.39 6.0 6.32 7.0 7.28 8.0 8.25 9.0 9.22 10.0 10.2 11.0 11.18 12.0 12.17 13.0 13.15 14.0 14.14 15.0 15.13 16.0 16.12 17.0 17.12 18.0 18.11 19.0 19.1 20.0 20.1 21.0 21.1 22.0 22.09 6.08 6.08 7.07 7.07 8.06 8.06 9.06 9.06 10.05 10.05 11.05 11.05 12.04 12.04 13.04 13.04 14.04 14.04 15.03 15.03 34.71 36.67 34.93 36.88 33.11 32.31 
14.14 14.0 13.15 13.0 12.17 12.0 11.18 11.0 10.2 10.0 9.22 9.0 8.25 8.0 7.28 7.0 6.32 6.0 5.39 5.0 4.47 4.0 3.61 3.0 2.83 2.0 2.24 1.0 2.0 0.0 2.24 1.0 2.83 2.0 3.61 3.0 4.47 4.0 5.39 5.0 6.32 6.0 7.28 7.0 8.25 8.0 9.22 9.0 10.2 10.0 11.18 11.0 12.17 12.0 13.15 13.0 14.14 14.0 15.13 15.0 16.12 16.0 17.12 17.0 18.11 18.0 19.1 19.0 20.1 20.0 21.1 21.0 22.09 22.0 4.12 4.12 5.1 5.1 6.08 6.08 7.07 7.07 8.06 8.06 9.06 9.06 10.05 10.05 11.05 11.05 12.04 12.04 13.04 13.04 32.76 34.71 32.98 34.93 31.3 30.46 
15.0 15.13 14.0 14.14 13.0 13.15 12.0 12.17 11.0 11.18 10.0 10.2 9.0 9.22 8.0 8.25 7.0 7.28 6.0 6.32 5.0 5.39 4.0 4.47 3.0 3.61 2.0 2.83 1.0 2.24 0.0 2.0 1.0 2.24 2.0 2.83 3.0 3.61 4.0 4.47 5.0 5.39 6.0 6.32 7.0 7.28 8.0 8.25 9.0 9.22 10.0 10.2 11.0 11.18 12.0 12.17 13.0 13.15 14.0 14.14 15.0 15.13 16.0 16.12 17.0 17.12 18.0 18.11 19.0 19.1 20.0 20.1 21.0 21.1 6.32 6.0 7.28 7.0 8.25 8.0 9.22 9.0 10.2 10.0 11.18 11.0 12.17 12.0 13.15 13.0 14.14 14.0 15.13 15.0 34.53 36.5 34.71 36.67 33.54 32.7 
15.13 15.0 14.14 14.0 13.15 13.0 12.17 12.0 11.18 11.0 10.2 10.0 9.22 9.0 8.25 8.0 7.28 7.0 6.32 6.0 5.39 5.0 4.47 4.0 3.61 3.0 2.83 2.0 2.24 1.0 2.0 0.0 2.24 1.0 2.83 2.0 3.61 3.0 4.47 4.0 5.39 5.0 6.32 6.0 7.28 7.0 8.25 8.0 9.22 9.0 10.2 10.0 11.18 11.0 12.17 12.0 13.15 13.0 14.14 14.0 15.13 15.0 16.12 16.0 17.12 17.0 18.11 18.0 19.1 19.0 20.1 20.0 21.1 21.0 4.47 4.0 5.39 5.0 6.32 6.0 7.28 7.0 8.25 8.0 9.22 9.0 10.2 10.0 11.18 11.0 12.17 12.0 13.15 13.0 32.56 34.53 32.76 34.71 31.76 30.87 
16.0 16.12 15.0 15.13 14.0 14.14 13.0 13.15 12.0 12.17 11.0 11.18 10.0 10.2 9.0 9.22 8.0 8.25 7.0 7.28 6.0 6.32 5.0 5.39 4.0 4.47 3.0 3.61 2.0 2.83 1.0 2.24 0.0 2.0 1.0 2.24 2.0 2.83 3.0 3.61 4.0 4.47 5.0 5.39 6.0 6.32 7.0 7.28 8.0 8.25 9.0 9.22 10.0 10.2 11.0 11.18 12.0 12.17 13.0 13.15 14.0 14.14 15.0 15.13 16.0 16.12 17.0 17.12 18.0 18.11 19.0 19.1 20.0 20.1 6.71 6.08 7.62 7.07 8.54 8.06 9.49 9.06 10.44 10.05 11.4 11.05 12.37 12.04 13.34 13.04 14.32 14.04 15.3 15.03 34.37 36.35 34.53 36.5 34.0 33.11 
16.12 16.0 15.13 15.0 14.14 14.0 13.15 13.0 12.17 12.0 11.18 11.0 10.2 10.0 9.22 9.0 8.25 8.0 7.28 7.0 6.32 6.0 5.39 5.0 4.47 4.0 3.61 3.0 2.83 2.0 2.24 1.0 2.0 0.0 2.24 1.0 2.83 2.0 3.61 3.0 4.47 4.0 5.39 5.0 6.32 6.0 7.28 7.0 8.25 8.0 9.22 9.0 10.2 10.0 11.18 11.0 12.17 12.0 13.15 13.0 14.14 14.0 15.13 15.0 16.12 16.0 17.12 17.0 18.11 18.0 19.1 19.0 20.1 20.0 5.0 4.12 5.83 5.1 6.71 6.08 7.62 7.07 8.54 8.06 9.49 9.06 10.44 10.05 11.4 11.05 12.37 12.04 13.34 13.04 32.39 34.37 32.56 34.53 32.25 31.3 
17.0 17.12 16.0 16.12 15.0 15.13 14.0 14.14 13.0 13.15 12.0 12.17 11.0 11.18 10.0 10.2 9.0 9.22 8.0 8.25 7.0 7.28 6.0 6.32 5.0 5.39 4.0 4.47 3.0 3.61 2.0 2.83 1.0 2.24 0.0 2.0 1.0 2.24 2.0 2.83 3.0 3.61 4.0 4.47 5.0 5.39 6.0 6.32 7.0 7.28 8.0 8.25 9.0 9.22 10.0 10.2 11.0 11.18 12.0 12.17 13.0 13.15 14.0 14.14 15.0 15.13 16.0 16.12 17.0 17.12 18.0 18.11 19.0 19.1 7.21 6.32 8.06 7.28 8.94 8.25 9.85 9.22 10.77 10.2 11.7 11.18 12.65 12.17 13.6 13.15 14.56 14.14 15.52 15.13 34.23 36.22 34.37 36.35 34.48 33.54 
17.12 17.0 16.12 16.0 15.13 15.0 14.14 14.0 13.15 13.0 12.17 12.0 11.18 11.0 10.2 10.0 9.22 9.0 8.25 8.0 7.28 7.0 6.32 6.0 5.39 5.0 4.47 4.0 3.61 3.0 2.83 2.0 2.24 1.0 2.0 0.0 2.24 1.0 2.83 2.0 3.61 3.0 4.47 4.0 5.39 5.0 6.32 6.0 7.28 7.0 8.25 8.0 9.22 9.0 10.2 10.0 11.18 11.0 12.17 12.0 13.15 13.0 14.14 14.0 15.13 15.0 16.12 16.0 17.12 17.0 18.11 18.0 19.1 19.0 5.66 4.47 6.4 5.39 7.21 6.32 8.06 7.28 8.94 8.25 9.85 9.22 10.77 10.2 11.7 11.18 12.65 12.17 13.6 13.15 32.25 34.23 32.39 34.37 32.76 31.76 
18.0 18.11 17.0 17.12 16.0 16.12 15.0 15.13 14.0 14.14 13.0 13.15 12.0 12.17 11.0 11.18 10.0 10.2 9.0 9.22 8.0 8.25 7.0 7.28 6.0 6.32 5.0 5.39 4.0 4.47 3.0 3.61 2.0 2.83 1.0 2.24 0.0 2.0 1.0 2.24 2.0 2.83 3.0 3.61 4.0 4.47 5.0 5.39 6.0 6.32 7.0 7.28 8.0 8.25 9.0 9.22 10.0 10.2 11.0 11.18 12.0 12.17 13.0 13.15 14.0 14.14 15.0 15.13 16.0 16.12 17.0 17.12 18.0 18.11 7.81 6.71 8.6 7.62 9.43 8.54 10.3 9.49 11.18 10.44 12.08 11.4 13.0 12.37 13.93 13.34 14.87 14.32 15.81 15.3 34.13 36.12 34.23 36.22 34.99 34.0 
18.11 18.0 17.12 17.0 16.12 16.0 15.13 15.0 14.14 14.0 13.15 13.0 12.17 12.0 11.18 11.0 10.2 10.0 9.22 9.0 8.25 8.0 7.28 7.0 6.32 6.0 5.39 5.0 4.47 4.0 3.61 3.0 2.83 2.0 2.24 1.0 2.0 0.0 2.24 1.0 2.83 2.0 3.61 3.0 4.47 4.0 5.39 5.0 6.32 6.0 7.28 7.0 8.25 8.0 9.22 9.0 10.2 10.0 11.18 11.0 12.17 12.0 13.15 13.0 14.14 14.0 15.13 15.0 16.12 16.0 17.12 17.0 18.11 18.0 6.4 5.0 7.07 5.83 7.81 6.71 8.6 7.62 9.43 8.54 10.3 9.49 11.18 10.44 12.08 11.4 13.0 12.37 13.93 13.34 32.14 34.13 32.25 34.23 33.29 32.25 
19.0 19.1 18.0 18.11 17.0 17.12 16.0 16.12 15.0 15.13 14.0 14.14 13.0 13.15 12.0 12.17 11.0 11.18 10.0 10.2 9.0 9.22 8.0 8.25 7.0 7.28 6.0 6.32 5.0 5.39 4.0 4.47 3.0 3.61 2.0 2.83 1.0 2.24 0.0 2.0 1.0 2.24 2.0 2.83 3.0 3.61 4.0 4.47 5.0 5.39 6.0 6.32 7.0 7.28 8.0 8.25 9.0 9.22 10.0 10.2 11.0 11.18 12.0 12.17 13.0 13.15 14.0 14.14 15.0 15.13 16.0 16.12 17.0 17.12 8.49 7.21 9.22 8.06 10.0 8.94 10.82 9.85 11.66 10.77 12.53 11.7 13.42 12.65 14.32 13.6 15.23 14.56 16.16 15.52 34.06 36.06 34.13 36.12 35.51 34.48 
19.1 19.0 18.11 18.0 17.12 17.0 16.12 16.0 15.13 15.0 14.14 14.0 13.15 13.0 12.17 12.0 11.18 11.0 10.2 10.0 9.22 9.0 8.25 8.0 7.28 7.0 6.32 6.0 5.39 5.0 4.47 4.0 3.61 3.0 2.83 2.0 2.24 1.0 2.0 0.0 2.24 1.0 2.83 2.0 3.61 3.0 4.47 4.0 5.39 5.0 6.32 6.0 7.28 7.0 8.25 8.0 9.22 9.0 10.2 10.0 11.18 11.0 12.17 12.0 13.15 13.0 14.14 14.0 15.13 15.0 16.12 16.0 17.12 17.0 7.21 5.66 7.81 6.4 8.49 7.21 9.22 8.06 10.0 8.94 10.82 9.85 11.66 10.77 12.53 11.7 13.42 12.65 14.32 13.6 32.06 34.06 32.14 34.13 33.84 32.76 
20.0 20.1 19.0 19.1 18.0 18.11 17.0 17.12 16.0 16.12 15.0 15.13 14.0 14.14 13.0 13.15 12.0 12.17 11.0 11.18 10.0 10.2 9.0 9.22 8.0 8.25 7.0 7.28 6.0 6.32 5.0 5.39 4.0 4.47 3.0 3.61 2.0 2.83 1.0 2.24 0.0 2.0 1.0 2.24 2.0 2.83 3.0 3.61 4.0 4.47 5.0 5.39 6.0 6.32 7.0 7.28 8.0 8.25 9.0 9.22 10.0 10.2 11.0 11.18 12.0 12.17 13.0 13.15 14.0 14.14 15.0 15.13 16.0 16.12 9.22 7.81 9.9 8.6 10.63 9.43 11.4 10.3 12.21 11.18 13.04 12.08 13.89 13.0 14.76 13.93 15.65 14.87 16.55 15.81 34.01 36.01 34.06 36.06 36.06 34.99 
20.1 20.0 19.1 19.0 18.11 18.0 17.12 17.0 16.12 16.0 15.13 15.0 14.14 14.0 13.15 13.0 12.17 12.0 11.18 11.0 10.2 10.0 9.22 9.0 8.25 8.0 7.28 7.0 6.32 6.0 5.39 5.0 4.47 4.0 3.61 3.0 2.83 2.0 2.24 1.0 2.0 0.0 2.24 1.0 2.83 2.0 3.61 3.0 4.47 4.0 5.39 5.0 6.32 6.0 7.28 7.0 8.25 8.0 9.22 9.0 10.2 10.0 11.18 11.0 12.17 12.0 13.15 13.0 14.14 14.0 15.13 15.0 16.12 16.0 8.06 6.4 8.6 7.07 9.22 7.81 9.9 8.6 10.63 9.43 11.4 10.3 12.21 11.18 13.04 12.08 13.89 13.0 14.76 13.93 32.02 34.01 32.06 34.06 34.41 33.29 
21.0 21.1 20.0 20.1 19.0 19.1 18.0 18.11 17.0 17.12 16.0 16.12 15.0 15.13 14.0 14.14 13.0 13.15 12.0 12.17 11.0 11.18 10.0 10.2 9.0 9.22 8.0 8.25 7.0 7.28 6.0 6.32 5.0 5.39 4.0 4.47 3.0 3.61 2.0 2.83 1.0 2.24 0.0 2.0 1.0 2.24 2.0 2.83 3.0 3.61 4.0 4.47 5.0 5.39 6.0 6.32 7.0 7.28 8.0 8.25 9.0 9.22 10.0 10.2 11.0 11.18 12.0 12.17 13.0 13.15 14.0 14.14 15.0 15.13 10.0 8.49 10.63 9.22 11.31 10.0 12.04 10.82 12.81 11.66 13.6 12.53 14.42 13.42 15.26 14.32 16.12 15.23 17.0 16.16 34.0 36.0 34.01 36.01 36.62 35.51 
21.1 21.0 20.1 20.0 19.1 19.0 18.11 18.0 17.12 17.0 16.12 16.0 15.13 15.0 14.14 14.0 13.15 13.0 12.17 12.0 11.18 11.0 10.2 10.0 9.22 9.0 8.25 8.0 7.28 7.0 6.32 6.0 5.39 5.0 4.47 4.0 3.61 3.0 2.83 2.0 2.24 1.0 2.0 0.0 2.24 1.0 2.83 2.0 3.61 3.0 4.47 4.0 5.39 5.0 6.32 6.0 7.28 7.0 8.25 8.0 9.22 9.0 10.2 10.0 11.18 11.0 12.17 12.0 13.15 13.0 14.14 14.0 15.13 15.0 8.94 7.21 9.43 7.81 10.0 8.49 10.63 9.22 11.31 10.0 12.04 10.82 12.81 11.66 13.6 12.53 14.42 13.42 15.26 14.32 32.0 34.0 32.02 34.01 35.0 33.84 
22.0 22.09 21.0 21.1 20.0 20.1 19.0 19.1 18.0 18.11 17.0 17.12 16.0 16.12 15.0 15.13 14.0 14.14 13.0 13.15 12.0 12.17 11.0 11.18 10.0 10.2 9.0 9.22 8.0 8.25 7.0 7.28 6.0 6.32 5.0 5.39 4.0 4.47 3.0 3.61 2.0 2.83 1.0 2.24 0.0 2.0 1.0 2.24 2.0 2.83 3.0 3.61 4.0 4.47 5.0 5.39 6.0 6.32 7.0 7.28 8.0 8.25 9.0 9.22 10.0 10.2 11.0 11.18 12.0 12.17 13.0 13.15 14.0 14.14 10.82 9.22 11.4 9.9 12.04 10.63 12.73 11.4 13.45 12.21 14.21 13.04 15.0 13.89 15.81 14.76 16.64 15.65 17.49 16.55 34.01 36.01 34.0 36.0 37.2 36.06 
22.09 22.0 21.1 21.0 20.1 20.0 19.1 19.0 18.11 18.0 17.12 17.0 16.12 16.0 15.13 15.0 14.14 14.0 13.15 13.0 12.17 12.0 11.18 11.0 10.2 10.0 9.22 9.0 8.25 8.0 7.28 7.0 6.32 6.0 5.39 5.0 4.47 4.0 3.61 3.0 2.83 2.0 2.24 1.0 2.0 0.0 2.24 1.0 2.83 2.0 3.61 3.0 4.47 4.0 5.39 5.0 6.32 6.0 7.28 7.0 8.25 8.0 9.22 9.0 10.2 10.0 11.18 11.0 12.17 12.0 13.15 13.0 14.14 14.0 9.85 8.06 10.3 8.6 10.82 9.22 11.4 9.9 12.04 10.63 12.73 11.4 13.45 12.21 14.21 13.04 15.0 13.89 15.81 14.76 32.02 34.01 32.0 34.0 35.61 34.41 
23.0 23.09 22.0 22.09 21.0 21.1 20.0 20.1 19.0 19.1 18.0 18.11 17.0 17.12 16.0 16.12 15.0 15.13 14.0 14.14 13.0 13.15 12.0 12.17 11.0 11.18 10.0 10.2 9.0 9.22 8.0 8.25 7.0 7.28 6.0 6.32 5.0 5.39 4.0 4.47 3.0 3.61 2.0 2.83 1.0 2.24 0.0 2.0 1.0 2.24 2.0 2.83 3.0 3.61 4.0 4.47 5.0 5.39 6.0 6.32 7.0 7.28 8.0 8.25 9.0 9.22 10.0 10.2 11.0 11.18 12.0 12.17 13.0 13.15 11.66 10.0 12.21 10.63 12.81 11.31 13.45 12.04 14.14 12.81 14.87 13.6 15.62 14.42 16.4 15.26 17.2 16.12 18.03 17.0 34.06 36.06 34.01 36.01 37.8 36.62 
23.09 23.0 22.09 22.0 21.1 21.0 20.1 20.0 19.1 19.0 18.11 18.0 17.12 17.0 16.12 16.0 15.13 15.0 14.14 14.0 13.15 13.0 12.17 12.0 11.18 11.0 10.2 10.0 9.22 9.0 8.25 8.0 7.28 7.0 6.32 6.0 5.39 5.0 4.47 4.0 3.61 3.0 2.83 2.0 2.24 1.0 2.0 0.0 2.24 1.0 2.83 2.0 3.61 3.0 4.47 4.0 5.39 5.0 6.32 6.0 7.28 7.0 8.25 8.0 9.22 9.0 10.2 10.0 11.18 11.0 12.17 12.0 13.15 13.0 10.77 8.94 11.18 9.43 11.66 10.0 12.21 10.63 12.81 11.31 13.45 12.04 14.14 12.81 14.87 13.6 15.62 14.42 16.4 15.26 32.06 34.06 32.02 34.01 36.24 35.0 
24.0 24.08 23.0 23.09 22.0 22.09 21.0 21.1 20.0 20.1 19.0 19.1 18.0 18.11 17.0 17.12 16.0 16.12 15.0 15.13 14.0 14.14 13.0 13.15 12.0 12.17 11.0 11.18 10.0 10.2 9.0 9.22 8.0 8.25 7.0 7.28 6.0 6.32 5.0 5.39 4.0 4.47 3.0 3.61 2.0 2.83 1.0 2.24 0.0 2.0 1.0 2.24 2.0 2.83 3.0 3.61 4.0 4.47 5.0 5.39 6.0 6.32 7.0 7.28 8.0 8.25 9.0 9.22 10.0 10.2 11.0 11.18 12.0 12.17 12.53 10.82 13.04 11.4 13.6 12.04 14.21 12.73 14.87 13.45 15.56 14.21 16.28 15.0 17.03 15.81 17.8 16.64 18.6 17.49 34.13 36.12 34.06 36.06 38.42 37.2 
24.08 24.0 23.09 23.0 22.09 22.0 21.1 21.0 20.1 20.0 19.1 19.0 18.11 18.0 17.12 17.0 16.12 16.0 15.13 15.0 14.14 14.0 13.15 13.0 12.17 12.0 11.18 11.0 10.2 10.0 9.22 9.0 8.25 8.0 7.28 7.0 6.32 6.0 5.39 5.0 4.47 4.0 3.61 3.0 2.83 2.0 2.24 1.0 2.0 0.0 2.24 1.0 2.83 2.0 3.61 3.0 4.47 4.0 5.39 5.0 6.32 6.0 7.28 7.0 8.25 8.0 9.22 9.0 10.2 10.0 11.18 11.0 12.17 12.0 11.7 9.85 12.08 10.3 12.53 10.82 13.04 11.4 13.6 12.04 14.21 12.73 14.87 13.45 15.56 14.21 16.28 15.0 17.03 15.81 32.14 34.13 32.06 34.06 36.88 35.61 
25.0 25.08 24.0 24.08 23.0 23.09 22.0 22.09 21.0 21.1 20.0 20.1 19.0 19.1 18.0 18.11 17.0 17.12 16.0 16.12 15.0 15.13 14.0 14.14 13.0 13.15 12.0 12.17 11.0 11.18 10.0 10.2 9.0 9.22 8.0 8.25 7.0 7.28 6.0 6.32 5.0 5.39 4.0 4.47 3.0 3.61 2.0 2.83 1.0 2.24 0.0 2.0 1.0 2.24 2.0 2.83 3.0 3.61 4.0 4.47 5.0 5.39 6.0 6.32 7.0 7.28 8.0 8.25 9.0 9.22 10.0 10.2 11.0 11.18 13.42 11.66 13.89 12.21 14.42 12.81 15.0 13.45 15.62 14.14 16.28 14.87 16.97 15.62 17.69 16.4 18.44 17.2 19.21 18.03 34.23 36.22 34.13 36.12 39.05 37.8 
25.08 25.0 24.08 24.0 23.09 23.0 22.09 22.0 21.1 21.0 20.1 20.0 19.1 19.0 18.11 18.0 17.12 17.0 16.12 16.0 15.13 15.0 14.14 14.0 13.15 13.0 12.17 12.0 11.18 11.0 10.2 10.0 9.22 9.0 8.25 8.0 7.28 7.0 6.32 6.0 5.39 5.0 4.47 4.0 3.61 3.0 2.83 2.0 2.24 1.0 2.0 0.0 2.24 1.0 2.83 2.0 3.61 3.0 4.47 4.0 5.39 5.0 6.32 6.0 7.28 7.0 8.25 8.0 9.22 9.0 10.2 10.0 11.18 11.0 12.65 10.77 13.0 11.18 13.42 11.66 13.89 12.21 14.42 12.81 15.0 13.45 15.62 14.14 16.28 14.87 16.97 15.62 17.69 16.4 32.25 34.23 32.14 34.13 37.54 36.24 
26.0 26.08 25.0 25.08 24.0 24.08 23.0 23.09 22.0 22.09 21.0 21.1 20.0 20.1 19.0 19.1 18.0 18.11 17.0 17.12 16.0 16.12 15.0 15.13 14.0 14.14 13.0 13.15 12.0 12.17 11.0 11.18 10.0 10.2 9.0 9.22 8.0 8.25 7.0 7.28 6.0 6.32 5.0 5.39 4.0 4.47 3.0 3.61 2.0 2.83 1.0 2.24 0.0 2.0 1.0 2.24 2.0 2.83 3.0 3.61 4.0 4.47 5.0 5.39 6.0 6.32 7.0 7.28 8.0 8.25 9.0 9.22 10.0 10.2 14.32 12.53 14.76 13.04 15.26 13.6 15.81 14.21 16.4 14.87 17.03 15.56 17.69 16.28 18.38 17.03 19.1 17.8 19.85 18.6 34.37 36.35 34.23 36.22 39.7 38.42 
26.08 26.0 25.08 25.0 24.08 24.0 23.09 23.0 22.09 22.0 21.1 21.0 20.1 20.0 19.1 19.0 18.11 18.0 17.12 17.0 16.12 16.0 15.13 15.0 14.14 14.0 13.15 13.0 12.17 12.0 11.18 11.0 10.2 10.0 9.22 9.0 8.25 8.0 7.28 7.0 6.32 6.0 5.39 5.0 4.47 4.0 3.61 3.0 2.83 2.0 2.24 1.0 2.0 0.0 2.24 1.0 2.83 2.0 3.61 3.0 4.47 4.0 5.39 5.0 6.32 6.0 7.28 7.0 8.25 8.0 9.22 9.0 10.2 10.0 13.6 11.7 13.93 12.08 14.32 12.53 14.76 13.04 15.26 13.6 15.81 14.21 16.4 14.87 17.03 15.56 17.69 16.28 18.38 17.03 32.39 34.37 32.25 34.23 38.21 36.88 
27.0 27.07 26.0 26.08 25.0 25.08 24.0 24.08 23.0 23.09 22.0 22.09 21.0 21.1 20.0 20.1 19.0 19.1 18.0 18.11 17.0 17.12 16.0 16.12 15.0 15.13 14.0 14.14 13.0 13.15 12.0 12.17 11.0 11.18 10.0 10.2 9.0 9.22 8.0 8.25 7.0 7.28 6.0 6.32 5.0 5.39 4.0 4.47 3.0 3.61 2.0 2.83 1.0 2.24 0.0 2.0 1.0 2.24 2.0 2.83 3.0 3.61 4.0 4.47 5.0 5.39 6.0 6.32 7.0 7.28 8.0 8.25 9.0 9.22 15.23 13.42 15.65 13.89 16.12 14.42 16.64 15.0 17.2 15.62 17.8 16.28 18.44 16.97 19.1 17.69 19.8 18.44 20.52 19.21 34.53 36.5 34.37 36.35 40.36 39.05 
27.07 27.0 26.08 26.0 25.08 25.0 24.08 24.0 23.09 23.0 22.09 22.0 21.1 21.0 20.1 20.0 19.1 19.0 18.11 18.0 17.12 17.0 16.12 16.0 15.13 15.0 14.14 14.0 13.15 13.0 12.17 12.0 11.18 11.0 10.2 10.0 9.22 9.0 8.25 8.0 7.28 7.0 6.32 6.0 5.39 5.0 4.47 4.0 3.61 3.0 2.83 2.0 2.24 1.0 2.0 0.0 2.24 1.0 2.83 2.0 3.61 3.0 4.47 4.0 5.39 5.0 6.32 6.0 7.28 7.0 8.25 8.0 9.22 9.0 14.56 12.65 14.87 13.0 15.23 13.42 15.65 13.89 16.12 14.42 16.64 15.0 17.2 15.62 17.8 16.28 18.44 16.97 19.1 17.69 32.56 34.53 32.39 34.37 38.9 37.54 
28.0 28.07 27.0 27.07 26.0 26.08 25.0 25.08 24.0 24.08 23.0 23.09 22.0 22.09 21.0 21.1 20.0 20.1 19.0 19.1 18.0 18.11 17.0 17.12 16.0 16.12 15.0 15.13 14.0 14.14 13.0 13.15 12.0 12.17 11.0 11.18 10.0 10.2 9.0 9.22 8.0 8.25 7.0 7.28 6.0 6.32 5.0 5.39 4.0 4.47 3.0 3.61 2.0 2.83 1.0 2.24 0.0 2.0 1.0 2.24 2.0 2.83 3.0 3.61 4.0 4.47 5.0 5.39 6.0 6.32 7.0 7.28 8.0 8.25 16.16 14.32 16.55 14.76 17.0 15.26 17.49 15.81 18.03 16.4 18.6 17.03 19.21 17.69 19.85 18.38 20.52 19.1 21.21 19.85 34.71 36.67 34.53 36.5 41.04 39.7 
28.07 28.0 27.07 27.0 26.08 26.0 25.08 25.0 24.08 24.0 23.09 23.0 22.09 22.0 21.1 21.0 20.1 20.0 19.1 19.0 18.11 18.0 17.12 17.0 16.12 16.0 15.13 15.0 14.14 14.0 13.15 13.0 12.17 12.0 11.18 11.0 10.2 10.0 9.22 9.0 8.25 8.0 7.28 7.0 6.32 6.0 5.39 5.0 4.47 4.0 3.61 3.0 2.83 2.0 2.24 1.0 2.0 0.0 2.24 1.0 2.83 2.0 3.61 3.0 4.47 4.0 5.39 5.0 6.32 6.0 7.28 7.0 8.25 8.0 15.52 13.6 15.81 13.93 16.16 14.32 16.55 14.76 17.0 15.26 17.49 15.81 18.03 16.4 18.6 17.03 19.21 17.69 19.85 18.38 32.76 34.71 32.56 34.53 39.6 38.21 
29.0 29.07 28.0 28.07 27.0 27.07 26.0 26.08 25.0 25.08 24.0 24.08 23.0 23.09 22.0 22.09 21.0 21.1 20.0 20.1 19.0 19.1 18.0 18.11 17.0 17.12 16.0 16.12 15.0 15.13 14.0 14.14 13.0 13.15 12.0 12.17 11.0 11.18 10.0 10.2 9.0 9.22 8.0 8.25 7.0 7.28 6.0 6.32 5.0 5.39 4.0 4.47 3.0 3.61 2.0 2.83 1.0 2.24 0.0 2.0 1.0 2.24 2.0 2.83 3.0 3.61 4.0 4.47 5.0 5.39 6.0 6.32 7.0 7.28 17.09 15.23 17.46 15.65 17.89 16.12 18.36 16.64 18.87 17.2 19.42 17.8 20.0 18.44 20.62 19.1 21.26 19.8 21.93 20.52 34.93 36.88 34.71 36.67 41.73 40.36 
29.07 29.0 28.07 28.0 27.07 27.0 26.08 26.0 25.08 25.0 24.08 24.0 23.09 23.0 22.09 22.0 21.1 21.0 20.1 20.0 19.1 19.0 18.11 18.0 17.12 17.0 16.12 16.0 15.13 15.0 14.14 14.0 13.15 13.0 12.17 12.0 11.18 11.0 10.2 10.0 9.22 9.0 8.25 8.0 7.28 7.0 6.32 6.0 5.39 5.0 4.47 4.0 3.61 3.0 2.83 2.0 2.24 1.0 2.0 0.0 2.24 1.0 2.83 2.0 3.61 3.0 4.47 4.0 5.39 5.0 6.32 6.0 7.28 7.0 16.49 14.56 16.76 14.87 17.09 15.23 17.46 15.65 17.89 16.12 18.36 16.64 18.87 17.2 19.42 17.8 20.0 18.44 20.62 19.1 32.98 34.93 32.76 34.71 40.31 38.9 
30.0 30.07 29.0 29.07 28.0 28.07 27.0 27.07 26.0 26.08 25.0 25.08 24.0 24.08 23.0 23.09 22.0 22.09 21.0 21.1 20.0 20.1 19.0 19.1 18.0 18.11 17.0 17.12 16.0 16.12 15.0 15.13 14.0 14.14 13.0 13.15 12.0 12.17 11.0 11.18 10.0 10.2 9.0 9.22 8.0 8.25 7.0 7.28 6.0 6.32 5.0 5.39 4.0 4.47 3.0 3.61 2.0 2.83 1.0 2.24 0.0 2.0 1.0 2.24 2.0 2.83 3.0 3.61 4.0 4.47 5.0 5.39 6.0 6.32 18.03 16.16 18.38 16.55 18.79 17.0 19.24 17.49 19.72 18.03 20.25 18.6 20.81 19.21 21.4 19.85 22.02 20.52 22.67 21.21 35.17 37.11 34.93 36.88 42.43 41.04 
30.07 30.0 29.07 29.0 28.07 28.0 27.07 27.0 26.08 26.0 25.08 25.0 24.08 24.0 23.09 23.0 22.09 22.0 21.1 21.0 20.1 20.0 19.1 19.0 18.11 18.0 17.12 17.0 16.12 16.0 15.13 15.0 14.14 14.0 13.15 13.0 12.17 12.0 11.18 11.0 10.2 10.0 9.22 9.0 8.25 8.0 7.28 7.0 6.32 6.0 5.39 5.0 4.47 4.0 3.61 3.0 2.83 2.0 2.24 1.0 2.0 0.0 2.24 1.0 2.83 2.0 3.61 3.0 4.47 4.0 5.39 5.0 6.32 6.0 17.46 15.52 17.72 15.81 18.03 16.16 18.38 16.55 18.79 17.0 19.24 17.49 19.72 18.03 20.25 18.6 20.81 19.21 21.4 19.85 33.24 35.17 32.98 34.93 41.04 39.6 
31.0 31.06 30.0 30.07 29.0 29.07 28.0 28.07 27.0 27.07 26.0 26.08 25.0 25.08 24.0 24.08 23.0 23.09 22.0 22.09 21.0 21.1 20.0 20.1 19.0 19.1 18.0 18.11 17.0 17.12 16.0 16.12 15.0 15.13 14.0 14.14 13.0 13.15 12.0 12.17 11.0 11.18 10.0 10.2 9.0 9.22 8.0 8.25 7.0 7.28 6.0 6.32 5.0 5.39 4.0 4.47 3.0 3.61 2.0 2.83 1.0 2.24 0.0 2.0 1.0 2.24 2.0 2.83 3.0 3.61 4.0 4.47 5.0 5.39 18.97 17.09 19.31 17.46 19.7 17.89 20.12 18.36 20.59 18.87 21.1 19.42 21.63 20.0 22.2 20.62 22.8 21.26 23.43 21.93 35.44 37.36 35.17 37.11 43.14 41.73 
31.06 31.0 30.07 30.0 29.07 29.0 28.07 28.0 27.07 27.0 26.08 26.0 25.08 25.0 24.08 24.0 23.09 23.0 22.09 22.0 21.1 21.0 20.1 20.0 19.1 19.0 18.11 18.0 17.12 17.0 16.12 16.0 15.13 15.0 14.14 14.0 13.15 13.0 12.17 12.0 11.18 11.0 10.2 10.0 9.22 9.0 8.25 8.0 7.28 7.0 6.32 6.0 5.39 5.0 4.47 4.0 3.61 3.0 2.83 2.0 2.24 1.0 2.0 0.0 2.24 1.0 2.83 2.0 3.61 3.0 4.47 4.0 5.39 5.0 18.44 16.49 18.68 16.76 18.97 17.09 19.31 17.46 19.7 17.89 20.12 18.36 20.59 18.87 21.1 19.42 21.63 20.0 22.2 20.62 33.53 35.44 33.24 35.17 41.77 40.31 
32.0 32.06 31.0 31.06 30.0 30.07 29.0 29.07 28.0 28.07 27.0 27.07 26.0 26.08 25.0 25.08 24.0 24.08 23.0 23.09 22.0 22.09 21.0 21.1 20.0 20.1 19.0 19.1 18.0 18.11 17.0 17.12 16.0 16.12 15.0 15.13 14.0 14.14 13.0 13.15 12.0 12.17 11.0 11.18 10.0 10.2 9.0 9.22 8.0 8.25 7.0 7.28 6.0 6.32 5.0 5.39 4.0 4.47 3.0 3.61 2.0 2.83 1.0 2.24 0.0 2.0 1.0 2.24 2.0 2.83 3.0 3.61 4.0 4.47 19.92 18.03 20.25 18.38 20.62 18.79 21.02 19.24 21.47 19.72 21.95 20.25 22.47 20.81 23.02 21.4 23.6 22.02 24.21 22.67 35.74 37.64 35.44 37.36 43.86 42.43 
32.06 32.0 31.06 31.0 30.07 30.0 29.07 29.0 28.07 28.0 27.07 27.0 26.08 26.0 25.08 25.0 24.08 24.0 23.09 23.0 22.09 22.0 21.1 21.0 20.1 20.0 19.1 19.0 18.11 18.0 17.12 17.0 16.12 16.0 15.13 15.0 14.14 14.0 13.15 13.0 12.17 12.0 11.18 11.0 10.2 10.0 9.22 9.0 8.25 8.0 7.28 7.0 6.32 6.0 5.39 5.0 4.47 4.0 3.61 3.0 2.83 2.0 2.24 1.0 2.0 0.0 2.24 1.0 2.83 2.0 3.61 3.0 4.47 4.0 19.42 17.46 19.65 17.72 19.92 18.03 20.25 18.38 20.62 18.79 21.02 19.24 21.47 19.72 21.95 20.25 22.47 20.81 23.02 21.4 33.84 35.74 33.53 35.44 42.52 41.04 
33.0 33.06 32.0 32.06 31.0 31.06 30.0 30.07 29.0 29.07 28.0 28.07 27.0 27.07 26.0 26.08 25.0 25.08 24.0 24.08 23.0 23.09 22.0 22.09 21.0 21.1 20.0 20.1 19.0 19.1 18.0 18.11 17.0 17.12 16.0 16.12 15.0 15.13 14.0 14.14 13.0 13.15 12.0 12.17 11.0 11.18 10.0 10.2 9.0 9.22 8.0 8.25 7.0 7.28 6.0 6.32 5.0 5.39 4.0 4.47 3.0 3.61 2.0 2.83 1.0 2.24 0.0 2.0 1.0 2.24 2.0 2.83 3.0 3.61 20.88 18.97 21.19 19.31 21.54 19.7 21.93 20.12 22.36 20.59 22.83 21.1 23.32 21.63 23.85 22.2 24.41 22.8 25.0 23.43 36.06 37.95 35.74 37.64 44.6 43.14 
33.06 33.0 32.06 32.0 31.06 31.0 30.07 30.0 29.07 29.0 28.07 28.0 27.07 27.0 26.08 26.0 25.08 25.0 24.08 24.0 23.09 23.0 22.09 22.0 21.1 21.0 20.1 20.0 19.1 19.0 18.11 18.0 17.12 17.0 16.12 16.0 15.13 15.0 14.14 14.0 13.15 13.0 12.17 12.0 11.18 11.0 10.2 10.0 9.22 9.0 8.25 8.0 7.28 7.0 6.32 6.0 5.39 5.0 4.47 4.0 3.61 3.0 2.83 2.0 2.24 1.0 2.0 0.0 2.24 1.0 2.83 2.0 3.61 3.0 20.4 18.44 20.62 18.68 20.88 18.97 21.19 19.31 21.54 19.7 21.93 20.12 22.36 20.59 22.83 21.1 23.32 21.63 23.85 22.2 34.18 36.06 33.84 35.74 43.28 41.77 
34.0 34.06 33.0 33.06 32.0 32.06 31.0 31.06 30.0 30.07 29.0 29.07 28.0 28.07 27.0 27.07 26.0 26.08 25.0 25.08 24.0 24.08 23.0 23.09 22.0 22.09 21.0 21.1 20.0 20.1 19.0 19.1 18.0 18.11 17.0 17.12 16.0 16.12 15.0 15.13 14.0 14.14 13.0 13.15 12.0 12.17 11.0 11.18 10.0 10.2 9.0 9.22 8.0 8.25 7.0 7.28 6.0 6.32 5.0 5.39 4.0 4.47 3.0 3.61 2.0 2.83 1.0 2.24 0.0 2.0 1.0 2.24 2.0 2.83 21.84 19.92 22.14 20.25 22.47 20.62 22.85 21.02 23.26 21.47 23.71 21.95 24.19 22.47 24.7 23.02 25.24 23.6 25.81 24.21 36.4 38.28 36.06 37.95 45.34 43.86 
34.06 34.0 33.06 33.0 32.06 32.0 31.06 31.0 30.07 30.0 29.07 29.0 28.07 28.0 27.07 27.0 26.08 26.0 25.08 25.0 24.08 24.0 23.09 23.0 22.09 22.0 21.1 21.0 20.1 20.0 19.1 19.0 18.11 18.0 17.12 17.0 16.12 16.0 15.13 15.0 14.14 14.0 13.15 13.0 12.17 12.0 11.18 11.0 10.2 10.0 9.22 9.0 8.25 8.0 7.28 7.0 6.32 6.0 5.39 5.0 4.47 4.0 3.61 3.0 2.83 2.0 2.24 1.0 2.0 0.0 2.24 1.0 2.83 2.0 21.38 19.42 21.59 19.65 21.84 19.92 22.14 20.25 22.47 20.62 22.85 21.02 23.26 21.47 23.71 21.95 24.19 22.47 24.7 23.02 34.54 36.4 34.18 36.06 44.05 42.52 
35.0 35.06 34.0 34.06 33.0 33.06 32.0 32.06 31.0 31.06 30.0 30.07 29.0 29.07 28.0 28.07 27.0 27.07 26.0 26.08 25.0 25.08 24.0 24.08 23.0 23.09 22.0 22.09 21.0 21.1 20.0 20.1 19.0 19.1 18.0 18.11 17.0 17.12 16.0 16.12 15.0 15.13 14.0 14.14 13.0 13.15 12.0 12.17 11.0 11.18 10.0 10.2 9.0 9.22 8.0 8.25 7.0 7.28 6.0 6.32 5.0 5.39 4.0 4.47 3.0 3.61 2.0 2.83 1.0 2.24 0.0 2.0 1.0 2.24 22.8 20.88 23.09 21.19 23.41 21.54 23.77 21.93 24.17 22.36 24.6 22.83 25.06 23.32 25.55 23.85 26.08 24.41 26.63 25.0 36.77 38.63 36.4 38.28 46.1 44.6 
35.06 35.0 34.06 34.0 33.06 33.0 32.06 32.0 31.06 31.0 30.07 30.0 29.07 29.0 28.07 28.0 27.07 27.0 26.08 26.0 25.08 25.0 24.08 24.0 23.09 23.0 22.09 22.0 21.1 21.0 20.1 20.0 19.1 19.0 18.11 18.0 17.12 17.0 16.12 16.0 15.13 15.0 14.14 14.0 13.15 13.0 12.17 12.0 11.18 11.0 10.2 10.0 9.22 9.0 8.25 8.0 7.28 7.0 6.32 6.0 5.39 5.0 4.47 4.0 3.61 3.0 2.83 2.0 2.24 1.0 2.0 0.0 2.24 1.0 22.36 20.4 22.56 20.62 22.8 20.88 23.09 21.19 23.41 21.54 23.77 21.93 24.17 22.36 24.6 22.83 25.06 23.32 25.55 23.85 34.93 36.77 34.54 36.4 44.82 43.28 
36.0 36.06 35.0 35.06 34.0 34.06 33.0 33.06 32.0 32.06 31.0 31.06 30.0 30.07 29.0 29.07 28.0 28.07 27.0 27.07 26.0 26.08 25.0 25.08 24.0 24.08 23.0 23.09 22.0 22.09 21.0 21.1 20.0 20.1 19.0 19.1 18.0 18.11 17.0 17.12 16.0 16.12 15.0 15.13 14.0 14.14 13.0 13.15 12.0 12.17 11.0 11.18 10.0 10.2 9.0 9.22 8.0 8.25 7.0 7.28 6.0 6.32 5.0 5.39 4.0 4.47 3.0 3.61 2.0 2.83 1.0 2.24 0.0 2.0 23.77 21.84 24.04 22.14 24.35 22.47 24.7 22.85 25.08 23.26 25.5 23.71 25.94 24.19 26.42 24.7 26.93 25.24 27.46 25.81 37.16 39.0 36.77 38.63 46.86 45.34 
36.06 36.0 35.06 35.0 34.06 34.0 33.06 33.0 32.06 32.0 31.06 31.0 30.07 30.0 29.07 29.0 28.07 28.0 27.07 27.0 26.08 26.0 25.08 25.0 24.08 24.0 23.09 23.0 22.09 22.0 21.1 21.0 20.1 20.0 19.1 19.0 18.11 18.0 17.12 17.0 16.12 16.0 15.13 15.0 14.14 14.0 13.15 13.0 12.17 12.0 11.18 11.0 10.2 10.0 9.22 9.0 8.25 8.0 7.28 7.0 6.32 6.0 5.39 5.0 4.47 4.0 3.61 3.0 2.83 2.0 2.24 1.0 2.0 0.0 23.35 21.38 23.54 21.59 23.77 21.84 24.04 22.14 24.35 22.47 24.7 22.85 25.08 23.26 25.5 23.71 25.94 24.19 26.42 24.7 35.34 37.16 34.93 36.77 45.61 44.05 
14.32 13.6 13.42 12.65 12.53 11.7 11.66 10.77 10.82 9.85 10.0 8.94 9.22 8.06 8.49 7.21 7.81 6.4 7.21 5.66 6.71 5.0 6.32 4.47 6.08 4.12 6.0 4.0 6.08 4.12 6.32 4.47 6.71 5.0 7.21 5.66 7.81 6.4 8.49 7.21 9.22 8.06 10.0 8.94 10.82 9.85 11.66 10.77 12.53 11.7 13.42 12.65 14.32 13.6 15.23 14.56 16.16 15.52 17.09 16.49 18.03 17.46 18.97 18.44 19.92 19.42 20.88 20.4 21.84 21.38 22.8 22.36 23.77 23.35 0.0 2.0 1.0 2.24 2.0 2.83 3.0 3.61 4.0 4.47 5.0 5.39 6.0 6.32 7.0 7.28 8.0 8.25 9.0 9.22 29.12 31.05 29.41 31.32 27.29 26.4 
16.16 15.52 15.23 14.56 14.32 13.6 13.42 12.65 12.53 11.7 11.66 10.77 10.82 9.85 10.0 8.94 9.22 8.06 8.49 7.21 7.81 6.4 7.21 5.66 6.71 5.0 6.32 4.47 6.08 4.12 6.0 4.0 6.08 4.12 6.32 4.47 6.71 5.0 7.21 5.66 7.81 6.4 8.49 7.21 9.22 8.06 10.0 8.94 10.82 9.85 11.66 10.77 12.53 11.7 13.42 12.65 14.32 13.6 15.23 14.56 16.16 15.52 17.09 16.49 18.03 17.46 18.97 18.44 19.92 19.42 20.88 20.4 21.84 21.38 2.0 0.0 2.24 1.0 2.83 2.0 3.61 3.0 4.47 4.0 5.39 5.0 6.32 6.0 7.28 7.0 8.25 8.0 9.22 9.0 28.64 30.59 28.86 30.81 28.3 27.29 
14.76 13.93 13.89 13.0 13.04 12.08 12.21 11.18 11.4 10.3 10.63 9.43 9.9 8.6 9.22 7.81 8.6 7.07 8.06 6.4 7.62 5.83 7.28 5.39 7.07 5.1 7.0 5.0 7.07 5.1 7.28 5.39 7.62 5.83 8.06 6.4 8.6 7.07 9.22 7.81 9.9 8.6 10.63 9.43 11.4 10.3 12.21 11.18 13.04 12.08 13.89 13.0 14.76 13.93 15.65 14.87 16.55 15.81 17.46 16.76 18.38 17.72 19.31 18.68 20.25 19.65 21.19 20.62 22.14 21.59 23.09 22.56 24.04 23.54 1.0 2.24 0.0 2.0 1.0 2.24 2.0 2.83 3.0 3.61 4.0 4.47 5.0 5.39 6.0 6.32 7.0 7.28 8.0 8.25 28.16 30.08 28.46 30.36 26.42 25.5 
16.55 15.81 15.65 14.87 14.76 13.93 13.89 13.0 13.04 12.08 12.21 11.18 11.4 10.3 10.63 9.43 9.9 8.6 9.22 7.81 8.6 7.07 8.06 6.4 7.62 5.83 7.28 5.39 7.07 5.1 7.0 5.0 7.07 5.1 7.28 5.39 7.62 5.83 8.06 6.4 8.6 7.07 9.22 7.81 9.9 8.6 10.63 9.43 11.4 10.3 12.21 11.18 13.04 12.08 13.89 13.0 14.76 13.93 15.65 14.87 16.55 15.81 17.46 16.76 18.38 17.72 19.31 18.68 20.25 19.65 21.19 20.62 22.14 21.59 2.24 1.0 2.0 0.0 2.24 1.0 2.83 2.0 3.61 3.0 4.47 4.0 5.39 5.0 6.32 6.0 7.28 7.0 8.25 8.0 27.66 29.61 27.89 29.83 27.46 26.42 
15.26 14.32 14.42 13.42 13.6 12.53 12.81 11.66 12.04 10.82 11.31 10.0 10.63 9.22 10.0 8.49 9.43 7.81 8.94 7.21 8.54 6.71 8.25 6.32 8.06 6.08 8.0 6.0 8.06 6.08 8.25 6.32 8.54 6.71 8.94 7.21 9.43 7.81 10.0 8.49 10.63 9.22 11.31 10.0 12.04 10.82 12.81 11.66 13.6 12.53 14.42 13.42 15.26 14.32 16.12 15.23 17.0 16.16 17.89 17.09 18.79 18.03 19.7 18.97 20.62 19.92 21.54 20.88 22.47 21.84 23.41 22.8 24.35 23.77 2.0 2.83 1.0 2.24 0.0 2.0 1.0 2.24 2.0 2.83 3.0 3.61 4.0 4.47 5.0 5.39 6.0 6.32 7.0 7.28 27.2 29.12 27.51 29.41 25.55 24.6 
17.0 16.16 16.12 15.23 15.26 14.32 14.42 13.42 13.6 12.53 12.81 11.66 12.04 10.82 11.31 10.0 10.63 9.22 10.0 8.49 9.43 7.81 8.94 7.21 8.54 6.71 8.25 6.32 8.06 6.08 8.0 6.0 8.06 6.08 8.25 6.32 8.54 6.71 8.94 7.21 9.43 7.81 10.0 8.49 10.63 9.22 11.31 10.0 12.04 10.82 12.81 11.66 13.6 12.53 14.42 13.42 15.26 14.32 16.12 15.23 17.0 16.16 17.89 17.09 18.79 18.03 19.7 18.97 20.62 19.92 21.54 20.88 22.47 21.84 2.83 2.0 2.24 1.0 2.0 0.0 2.24 1.0 2.83 2.0 3.61 3.0 4.47 4.0 5.39 5.0 6.32 6.0 7.28 7.0 26.68 28.64 26.93 28.86 26.63 25.55 
15.81 14.76 15.0 13.89 14.21 13.04 13.45 12.21 12.73 11.4 12.04 10.63 11.4 9.9 10.82 9.22 10.3 8.6 9.85 8.06 9.49 7.62 9.22 7.28 9.06 7.07 9.0 7.0 9.06 7.07 9.22 7.28 9.49 7.62 9.85 8.06 10.3 8.6 10.82 9.22 11.4 9.9 12.04 10.63 12.73 11.4 13.45 12.21 14.21 13.04 15.0 13.89 15.81 14.76 16.64 15.65 17.49 16.55 18.36 17.46 19.24 18.38 20.12 19.31 21.02 20.25 21.93 21.19 22.85 22.14 23.77 23.09 24.7 24.04 3.0 3.61 2.0 2.83 1.0 2.24 0.0 2.0 1.0 2.24 2.0 2.83 3.0 3.61 4.0 4.47 5.0 5.39 6.0 6.32 26.25 28.16 26.57 28.46 24.7 23.71 
17.49 16.55 16.64 15.65 15.81 14.76 15.0 13.89 14.21 13.04 13.45 12.21 12.73 11.4 12.04 10.63 11.4 9.9 10.82 9.22 10.3 8.6 9.85 8.06 9.49 7.62 9.22 7.28 9.06 7.07 9.0 7.0 9.06 7.07 9.22 7.28 9.49 7.62 9.85 8.06 10.3 8.6 10.82 9.22 11.4 9.9 12.04 10.63 12.73 11.4 13.45 12.21 14.21 13.04 15.0 13.89 15.81 14.76 16.64 15.65 17.49 16.55 18.36 17.46 19.24 18.38 20.12 19.31 21.02 20.25 21.93 21.19 22.85 22.14 3.61 3.0 2.83 2.0 2.24 1.0 2.0 0.0 2.24 1.0 2.83 2.0 3.61 3.0 4.47 4.0 5.39 5.0 6.32 6.0 25.71 27.66 25.96 27.89 25.81 24.7 
16.4 15.26 15.62 14.42 14.87 13.6 14.14 12.81 13.45 12.04 12.81 11.31 12.21 10.63 11.66 10.0 11.18 9.43 10.77 8.94 10.44 8.54 10.2 8.25 10.05 8.06 10.0 8.0 10.05 8.06 10.2 8.25 10.44 8.54 10.77 8.94 11.18 9.43 11.66 10.0 12.21 10.63 12.81 11.31 13.45 12.04 14.14 12.81 14.87 13.6 15.62 14.42 16.4 15.26 17.2 16.12 18.03 17.0 18.87 17.89 19.72 18.79 20.59 19.7 21.47 20.62 22.36 21.54 23.26 22.47 24.17 23.41 25.08 24.35 4.0 4.47 3.0 3.61 2.0 2.83 1.0 2.24 0.0 2.0 1.0 2.24 2.0 2.83 3.0 3.61 4.0 4.47 5.0 5.39 25.3 27.2 25.63 27.51 23.85 22.83 
18.03 17.0 17.2 16.12 16.4 15.26 15.62 14.42 14.87 13.6 14.14 12.81 13.45 12.04 12.81 11.31 12.21 10.63 11.66 10.0 11.18 9.43 10.77 8.94 10.44 8.54 10.2 8.25 10.05 8.06 10.0 8.0 10.05 8.06 10.2 8.25 10.44 8.54 10.77 8.94 11.18 9.43 11.66 10.0 12.21 10.63 12.81 11.31 13.45 12.04 14.14 12.81 14.87 13.6 15.62 14.42 16.4 15.26 17.2 16.12 18.03 17.0 18.87 17.89 19.72 18.79 20.59 19.7 21.47 20.62 22.36 21.54 23.26 22.47 4.47 4.0 3.61 3.0 2.83 2.0 2.24 1.0 2.0 0.0 2.24 1.0 2.83 2.0 3.61 3.0 4.47 4.0 5.39 5.0 24.74 26.68 25.0 26.93 25.0 23.85 
17.03 15.81 16.28 15.0 15.56 14.21 14.87 13.45 14.21 12.73 13.6 12.04 13.04 11.4 12.53 10.82 12.08 10.3 11.7 9.85 11.4 9.49 11.18 9.22 11.05 9.06 11.0 9.0 11.05 9.06 11.18 9.22 11.4 9.49 11.7 9.85 12.08 10.3 12.53 10.82 13.04 11.4 13.6 12.04 14.21 12.73 14.87 13.45 15.56 14.21 16.28 15.0 17.03 15.81 17.8 16.64 18.6 17.49 19.42 18.36 20.25 19.24 21.1 20.12 21.95 21.02 22.83 21.93 23.71 22.85 24.6 23.77 25.5 24.7 5.0 5.39 4.0 4.47 3.0 3.61 2.0 2.83 1.0 2.24 0.0 2.0 1.0 2.24 2.0 2.83 3.0 3.61 4.0 4.47 24.35 26.25 24.7 26.57 23.02 21.95 
18.6 17.49 17.8 16.64 17.03 15.81 16.28 15.0 15.56 14.21 14.87 13.45 14.21 12.73 13.6 12.04 13.04 11.4 12.53 10.82 12.08 10.3 11.7 9.85 11.4 9.49 11.18 9.22 11.05 9.06 11.0 9.0 11.05 9.06 11.18 9.22 11.4 9.49 11.7 9.85 12.08 10.3 12.53 10.82 13.04 11.4 13.6 12.04 14.21 12.73 14.87 13.45 15.56 14.21 16.28 15.0 17.03 15.81 17.8 16.64 18.6 17.49 19.42 18.36 20.25 19.24 21.1 20.12 21.95 21.02 22.83 21.93 23.71 22.85 5.39 5.0 4.47 4.0 3.61 3.0 2.83 2.0 2.24 1.0 2.0 0.0 2.24 1.0 2.83 2.0 3.61 3.0 4.47 4.0 23.77 25.71 24.04 25.96 24.21 23.02 
17.69 16.4 16.97 15.62 16.28 14.87 15.62 14.14 15.0 13.45 14.42 12.81 13.89 12.21 13.42 11.66 13.0 11.18 12.65 10.77 12.37 10.44 12.17 10.2 12.04 10.05 12.0 10.0 12.04 10.05 12.17 10.2 12.37 10.44 12.65 10.77 13.0 11.18 13.42 11.66 13.89 12.21 14.42 12.81 15.0 13.45 15.62 14.14 16.28 14.87 16.97 15.62 17.69 16.4 18.44 17.2 19.21 18.03 20.0 18.87 20.81 19.72 21.63 20.59 22.47 21.47 23.32 22.36 24.19 23.26 25.06 24.17 25.94 25.08 6.0 6.32 5.0 5.39 4.0 4.47 3.0 3.61 2.0 2.83 1.0 2.24 0.0 2.0 1.0 2.24 2.0 2.83 3.0 3.61 23.41 25.3 23.77 25.63 22.2 21.1 
19.21 18.03 18.44 17.2 17.69 16.4 16.97 15.62 16.28 14.87 15.62 14.14 15.0 13.45 14.42 12.81 13.89 12.21 13.42 11.66 13.0 11.18 12.65 10.77 12.37 10.44 12.17 10.2 12.04 10.05 12.0 10.0 12.04 10.05 12.17 10.2 12.37 10.44 12.65 10.77 13.0 11.18 13.42 11.66 13.89 12.21 14.42 12.81 15.0 13.45 15.62 14.14 16.28 14.87 16.97 15.62 17.69 16.4 18.44 17.2 19.21 18.03 20.0 18.87 20.81 19.72 21.63 20.59 22.47 21.47 23.32 22.36 24.19 23.26 6.32 6.0 5.39 5.0 4.47 4.0 3.61 3.0 2.83 2.0 2.24 1.0 2.0 0.0 2.24 1.0 2.83 2.0 3.61 3.0 22.8 24.74 23.09 25.0 23.43 22.2 
18.38 17.03 17.69 16.28 17.03 15.56 16.4 14.87 15.81 14.21 15.26 13.6 14.76 13.04 14.32 12.53 13.93 12.08 13.6 11.7 13.34 11.4 13.15 11.18 13.04 11.05 13.0 11.0 13.04 11.05 13.15 11.18 13.34 11.4 13.6 11.7 13.93 12.08 14.32 12.53 14.76 13.04 15.26 13.6 15.81 14.21 16.4 14.87 17.03 15.56 17.69 16.28 18.38 17.03 19.1 17.8 19.85 18.6 20.62 19.42 21.4 20.25 22.2 21.1 23.02 21.95 23.85 22.83 24.7 23.71 25.55 24.6 26.42 25.5 7.0 7.28 6.0 6.32 5.0 5.39 4.0 4.47 3.0 3.61 2.0 2.83 1.0 2.24 0.0 2.0 1.0 2.24 2.0 2.83 22.47 24.35 22.85 24.7 21.4 20.25 
19.85 18.6 19.1 17.8 18.38 17.03 17.69 16.28 17.03 15.56 16.4 14.87 15.81 14.21 15.26 13.6 14.76 13.04 14.32 12.53 13.93 12.08 13.6 11.7 13.34 11.4 13.15 11.18 13.04 11.05 13.0 11.0 13.04 11.05 13.15 11.18 13.34 11.4 13.6 11.7 13.93 12.08 14.32 12.53 14.76 13.04 15.26 13.6 15.81 14.21 16.4 14.87 17.03 15.56 17.69 16.28 18.38 17.03 19.1 17.8 19.85 18.6 20.62 19.42 21.4 20.25 22.2 21.1 23.02 21.95 23.85 22.83 24.7 23.71 7.28 7.0 6.32 6.0 5.39 5.0 4.47 4.0 3.61 3.0 2.83 2.0 2.24 1.0 2.0 0.0 2.24 1.0 2.83 2.0 21.84 23.77 22.14 24.04 22.67 21.4 
19.1 17.69 18.44 16.97 17.8 16.28 17.2 15.62 16.64 15.0 16.12 14.42 15.65 13.89 15.23 13.42 14.87 13.0 14.56 12.65 14.32 12.37 14.14 12.17 14.04 12.04 14.0 12.0 14.04 12.04 14.14 12.17 14.32 12.37 14.56 12.65 14.87 13.0 15.23 13.42 15.65 13.89 16.12 14.42 16.64 15.0 17.2 15.62 17.8 16.28 18.44 16.97 19.1 17.69 19.8 18.44 20.52 19.21 21.26 20.0 22.02 20.81 22.8 21.63 23.6 22.47 24.41 23.32 25.24 24.19 26.08 25.06 26.93 25.94 8.0 8.25 7.0 7.28 6.0 6.32 5.0 5.39 4.0 4.47 3.0 3.61 2.0 2.83 1.0 2.24 0.0 2.0 1.0 2.24 21.54 23.41 21.93 23.77 20.62 19.42 
20.52 19.21 19.8 18.44 19.1 17.69 18.44 16.97 17.8 16.28 17.2 15.62 16.64 15.0 16.12 14.42 15.65 13.89 15.23 13.42 14.87 13.0 14.56 12.65 14.32 12.37 14.14 12.17 14.04 12.04 14.0 12.0 14.04 12.04 14.14 12.17 14.32 12.37 14.56 12.65 14.87 13.0 15.23 13.42 15.65 13.89 16.12 14.42 16.64 15.0 17.2 15.62 17.8 16.28 18.44 16.97 19.1 17.69 19.8 18.44 20.52 19.21 21.26 20.0 22.02 20.81 22.8 21.63 23.6 22.47 24.41 23.32 25.24 24.19 8.25 8.0 7.28 7.0 6.32 6.0 5.39 5.0 4.47 4.0 3.61 3.0 2.83 2.0 2.24 1.0 2.0 0.0 2.24 1.0 20.88 22.8 21.19 23.09 21.93 20.62 
19.85 18.38 19.21 17.69 18.6 17.03 18.03 16.4 17.49 15.81 17.0 15.26 16.55 14.76 16.16 14.32 15.81 13.93 15.52 13.6 15.3 13.34 15.13 13.15 15.03 13.04 15.0 13.0 15.03 13.04 15.13 13.15 15.3 13.34 15.52 13.6 15.81 13.93 16.16 14.32 16.55 14.76 17.0 15.26 17.49 15.81 18.03 16.4 18.6 17.03 19.21 17.69 19.85 18.38 20.52 19.1 21.21 19.85 21.93 20.62 22.67 21.4 23.43 22.2 24.21 23.02 25.0 23.85 25.81 24.7 26.63 25.55 27.46 26.42 9.0 9.22 8.0 8.25 7.0 7.28 6.0 6.32 5.0 5.39 4.0 4.47 3.0 3.61 2.0 2.83 1.0 2.24 0.0 2.0 20.62 22.47 21.02 22.85 19.85 18.6 
21.21 19.85 20.52 19.1 19.85 18.38 19.21 17.69 18.6 17.03 18.03 16.4 17.49 15.81 17.0 15.26 16.55 14.76 16.16 14.32 15.81 13.93 15.52 13.6 15.3 13.34 15.13 13.15 15.03 13.04 15.0 13.0 15.03 13.04 15.13 13.15 15.3 13.34 15.52 13.6 15.81 13.93 16.16 14.32 16.55 14.76 17.0 15.26 17.49 15.81 18.03 16.4 18.6 17.03 19.21 17.69 19.85 18.38 20.52 19.1 21.21 19.85 21.93 20.62 22.67 21.4 23.43 22.2 24.21 23.02 25.0 23.85 25.81 24.7 9.22 9.0 8.25 8.0 7.28 7.0 6.32 6.0 5.39 5.0 4.47 4.0 3.61 3.0 2.83 2.0 2.24 1.0 2.0 0.0 19.92 21.84 20.25 22.14 21.21 19.85 
39.96 38.28 39.45 37.74 38.95 37.22 38.47 36.72 38.01 36.24 37.58 35.78 37.16 35.34 36.77 34.93 36.4 34.54 36.06 34.18 35.74 33.84 35.44 33.53 35.17 33.24 34.93 32.98 34.71 32.76 34.53 32.56 34.37 32.39 34.23 32.25 34.13 32.14 34.06 32.06 34.01 32.02 34.0 32.0 34.01 32.02 34.06 32.06 34.13 32.14 34.23 32.25 34.37 32.39 34.53 32.56 34.71 32.76 34.93 32.98 35.17 33.24 35.44 33.53 35.74 33.84 36.06 34.18 36.4 34.54 36.77 34.93 37.16 35.34 29.12 28.64 28.16 27.66 27.2 26.68 26.25 25.71 25.3 24.74 24.35 23.77 23.41 22.8 22.47 21.84 21.54 20.88 20.62 19.92 0.0 2.0 1.0 2.24 21.38 19.42 
41.68 39.96 41.18 39.45 40.71 38.95 40.25 38.47 39.81 38.01 39.4 37.58 39.0 37.16 38.63 36.77 38.28 36.4 37.95 36.06 37.64 35.74 37.36 35.44 37.11 35.17 36.88 34.93 36.67 34.71 36.5 34.53 36.35 34.37 36.22 34.23 36.12 34.13 36.06 34.06 36.01 34.01 36.0 34.0 36.01 34.01 36.06 34.06 36.12 34.13 36.22 34.23 36.35 34.37 36.5 34.53 36.67 34.71 36.88 34.93 37.11 35.17 37.36 35.44 37.64 35.74 37.95 36.06 38.28 36.4 38.63 36.77 39.0 37.16 31.05 30.59 30.08 29.61 29.12 28.64 28.16 27.66 27.2 26.68 26.25 25.71 25.3 24.74 24.35 23.77 23.41 22.8 22.47 21.84 2.0 0.0 2.24 1.0 21.84 19.92 
40.5 38.83 39.96 38.28 39.45 37.74 38.95 37.22 38.47 36.72 38.01 36.24 37.58 35.78 37.16 35.34 36.77 34.93 36.4 34.54 36.06 34.18 35.74 33.84 35.44 33.53 35.17 33.24 34.93 32.98 34.71 32.76 34.53 32.56 34.37 32.39 34.23 32.25 34.13 32.14 34.06 32.06 34.01 32.02 34.0 32.0 34.01 32.02 34.06 32.06 34.13 32.14 34.23 32.25 34.37 32.39 34.53 32.56 34.71 32.76 34.93 32.98 35.17 33.24 35.44 33.53 35.74 33.84 36.06 34.18 36.4 34.54 36.77 34.93 29.41 28.86 28.46 27.89 27.51 26.93 26.57 25.96 25.63 25.0 24.7 24.04 23.77 23.09 22.85 22.14 21.93 21.19 21.02 20.25 1.0 2.24 0.0 2.0 22.36 20.4 
42.19 40.5 41.68 39.96 41.18 39.45 40.71 38.95 40.25 38.47 39.81 38.01 39.4 37.58 39.0 37.16 38.63 36.77 38.28 36.4 37.95 36.06 37.64 35.74 37.36 35.44 37.11 35.17 36.88 34.93 36.67 34.71 36.5 34.53 36.35 34.37 36.22 34.23 36.12 34.13 36.06 34.06 36.01 34.01 36.0 34.0 36.01 34.01 36.06 34.06 36.12 34.13 36.22 34.23 36.35 34.37 36.5 34.53 36.67 34.71 36.88 34.93 37.11 35.17 37.36 35.44 37.64 35.74 37.95 36.06 38.28 36.4 38.63 36.77 31.32 30.81 30.36 29.83 29.41 28.86 28.46 27.89 27.51 26.93 26.57 25.96 25.63 25.0 24.7 24.04 23.77 23.09 22.85 22.14 2.24 1.0 2.0 0.0 22.8 20.88 
30.0 28.0 30.02 28.02 30.07 28.07 30.15 28.16 30.27 28.28 30.41 28.44 30.59 28.64 30.81 28.86 31.05 29.12 31.32 29.41 31.62 29.73 31.95 30.08 32.31 30.46 32.7 30.87 33.11 31.3 33.54 31.76 34.0 32.25 34.48 32.76 34.99 33.29 35.51 33.84 36.06 34.41 36.62 35.0 37.2 35.61 37.8 36.24 38.42 36.88 39.05 37.54 39.7 38.21 40.36 38.9 41.04 39.6 41.73 40.31 42.43 41.04 43.14 41.77 43.86 42.52 44.6 43.28 45.34 44.05 46.1 44.82 46.86 45.61 27.29 28.3 26.42 27.46 25.55 26.63 24.7 25.81 23.85 25.0 23.02 24.21 22.2 23.43 21.4 22.67 20.62 21.93 19.85 21.21 21.38 21.84 22.36 22.8 0.0 2.0 
30.07 28.07 30.02 28.02 30.0 28.0 30.02 28.02 30.07 28.07 30.15 28.16 30.27 28.28 30.41 28.44 30.59 28.64 30.81 28.86 31.05 29.12 31.32 29.41 31.62 29.73 31.95 30.08 32.31 30.46 32.7 30.87 33.11 31.3 33.54 31.76 34.0 32.25 34.48 32.76 34.99 33.29 35.51 33.84 36.06 34.41 36.62 35.0 37.2 35.61 37.8 36.24 38.42 36.88 39.05 37.54 39.7 38.21 40.36 38.9 41.04 39.6 41.73 40.31 42.43 41.04 43.14 41.77 43.86 42.52 44.6 43.28 45.34 44.05 26.4 27.29 25.5 26.42 24.6 25.55 23.71 24.7 22.83 23.85 21.95 23.02 21.1 22.2 20.25 21.4 19.42 20.62 18.6 19.85 19.42 19.92 20.4 20.88 2.0 0.0 
