26
76
9 14
5 26
2 13
3 60
24 68
9 33
0 15
2 49
20 34
19 16
8 7
9 22
17 73
18 25
26 49
26 0
19 56
12 71
23 76
11 48
18 37
26 67
6 76
13 17
7 16
12 5
7 11
0 70
9 34
18 76
17 39
8 54
23 69
10 9
23 24
2 2
8 58
10 3
1 43
21 38
24 69
1 59
12 44
19 48
1 15
3 14
25 59
5 7
26 14
14 24
6 63
4 29
18 3
16 4
19 8
0 68
9 36
13 1
23 11
16 43
18 26
21 57
20 28
7 31
19 11
6 35
19 71
5 47
4 26
6 17
24 1
5 72
24 56
2 8
16 67
2 64
22 76
23 57
20 22
25 54
9 47
19 47
7 42
17 16
3 20
8 2
20 14
25 15
21 58
20 35
24 8
8 35
14 33
5 38
3 17
22 58
0 58
14 27
12 14
14 67
19 41
2 54
23 56
15 20
10 42
0 23
8 68
24 54
3 27
11 57
24 67
26 3
5 20
0 18
2 28
16 30
13 46
14 38
25 66
11 72
8 27
12 41
5 48
1 58
23 50
19 66
12 64
19 2
18 20
18 66
15 24
12 40
24 36
0 30
23 23
22 53
12 3
23 28
18 44
0 37
24 25
23 30
25 16
23 2
21 62
18 33
1 40
21 42
11 63
15 17
