73
163
61 52
27 63
22 146
31 62
3 72
12 18
45 91
38 114
64 72
32 79
34 109
30 119
41 56
51 112
17 9
49 109
57 25
54 19
72 151
18 113
5 145
17 87
21 128
12 53
52 74
67 44
21 104
8 60
3 4
12 43
1 133
56 158
30 65
70 64
65 56
2 57
0 128
31 129
12 2
49 159
47 109
43 148
37 139
5 30
7 1
11 54
10 27
9 53
10 133
6 101
34 12
61 22
24 69
20 41
31 117
34 5
20 131
12 112
32 21
70 2
9 43
46 49
57 112
42 135
9 91
10 52
61 153
61 78
30 105
56 1
32 18
67 40
50 126
19 18
3 52
46 61
29 2
71 121
47 104
9 113
73 160
14 38
17 149
40 142
45 130
17 102
37 137
25 138
2 49
60 51
63 83
4 120
19 4
10 76
58 161
18 20
60 126
58 108
8 123
10 120
10 121
24 8
15 86
3 2
29 80
2 113
22 141
46 147
54 5
63 151
57 76
50 138
55 10
0 15
4 4
6 132
62 32
40 124
4 15
42 110
67 16
57 108
45 90
45 148
8 25
63 129
38 125
13 153
17 46
66 51
39 92
36 16
72 104
6 103
27 52
7 113
10 135
66 143
73 59
38 30
36 116
8 27
18 73
34 121
64 106
48 134
5 70
67 141
11 25
53 149
