274
54
35 5
89 21
228 28
148 33
84 20
227 33
224 9
264 0
188 49
234 46
173 4
50 42
139 25
5 11
153 30
96 7
167 50
18 24
251 23
40 20
117 33
185 49
57 3
176 16
14 37
29 2
90 37
271 13
254 8
23 1
138 38
55 22
96 28
274 16
177 20
182 9
179 12
17 53
102 7
132 23
73 14
208 21
115 21
248 53
268 17
145 10
8 30
201 27
86 8
189 14
153 47
100 26
177 35
153 10
26 13
97 27
271 6
5 48
72 19
121 48
64 22
143 25
167 17
261 44
63 0
126 13
78 14
217 53
200 48
177 43
270 49
112 45
38 20
11 40
84 50
125 3
157 42
44 1
176 49
186 18
196 32
142 51
102 51
151 1
193 31
21 18
44 53
76 43
174 26
154 8
137 50
152 28
191 32
11 33
72 37
1 20
236 11
8 28
113 37
233 29
174 30
9 37
199 13
53 13
231 38
81 11
80 32
237 40
221 48
27 26
34 22
38 39
43 4
8 4
60 37
217 14
117 6
6 53
60 12
229 14
35 25
97 19
228 18
138 26
179 11
103 4
184 36
185 24
86 31
271 34
166 50
48 20
197 12
212 49
181 22
98 28
180 49
2 50
185 40
135 22
163 5
54 12
56 23
211 10
180 53
122 48
16 33
274 33
25 54
173 15
