64
47
24 12
37 10
44 24
28 36
51 36
15 24
34 5
29 38
61 13
16 33
63 29
53 12
42 46
30 4
58 31
3 30
26 45
40 38
25 11
5 45
49 42
62 14
15 0
48 18
21 14
19 34
20 19
63 40
22 6
55 32
38 40
47 47
12 18
59 23
16 38
22 34
12 16
37 25
36 26
6 45
14 30
31 1
20 6
3 31
27 14
38 21
19 36
47 19
56 9
27 17
14 28
48 13
44 7
21 18
27 5
62 34
16 42
48 15
4 29
6 8
38 24
26 10
55 27
64 29
34 46
38 29
5 17
27 45
51 34
15 18
44 41
39 25
9 1
55 12
20 18
45 46
33 11
22 42
49 9
13 0
53 16
22 43
5 33
10 22
39 11
25 31
8 20
29 46
1 0
59 31
10 8
27 35
0 12
24 6
25 9
53 32
54 31
36 39
42 14
15 22
