144
31
36 17
80 1
12 23
20 17
107 3
65 4
113 31
35 24
26 23
99 15
134 8
16 27
74 2
43 24
76 18
21 9
116 6
3 6
31 3
130 7
52 7
124 6
126 30
17 5
29 9
79 3
6 14
48 13
73 18
56 17
29 19
54 11
28 14
49 25
69 13
61 6
3 4
121 13
75 14
79 20
116 30
41 12
7 4
14 27
92 11
17 10
2 7
44 17
73 29
88 1
35 6
78 12
0 22
117 2
112 5
104 31
31 0
134 12
93 18
45 16
10 18
84 1
109 27
67 19
11 30
35 3
40 31
83 23
124 23
17 12
119 9
90 31
106 28
78 17
143 22
25 21
8 19
127 11
31 8
144 19
144 27
80 9
90 19
139 7
52 27
113 18
122 12
55 18
137 14
50 2
136 31
86 0
3 5
115 6
121 6
123 29
143 24
60 7
35 10
46 14
