100
0.0 13.15 23.32 24.33 36.12 15.0 12.21 26.48 37.01 22.47 42.54 29.0 38.47 10.0 38.95 27.66 33.06 30.53 1.41 38.08 39.05 38.05 15.0 24.74 3.61 22.56 8.06 48.01 6.32 36.89 31.3 41.88 13.42 36.69 27.2 22.09 12.65 18.38 18.44 37.59 20.59 13.04 7.21 28.32 3.61 16.64 24.52 24.04 32.14 5.83 18.87 24.02 20.62 6.71 7.62 43.91 31.05 24.19 26.25 18.44 18.44 2.83 34.44 43.46 35.44 22.02 19.65 33.14 34.83 10.82 35.23 19.85 18.6 31.0 7.21 39.96 9.06 30.07 25.18 16.28 29.27 31.06 28.32 17.2 15.03 19.03 17.89 34.37 25.94 39.82 14.56 23.19 24.0 6.0 3.16 35.23 35.51 29.55 18.11 13.45 
13.15 0.0 15.65 27.51 29.53 26.08 5.83 29.12 24.19 31.14 32.2 16.12 36.35 9.22 29.7 39.45 36.69 28.16 12.04 47.42 34.18 25.32 24.17 13.6 16.49 30.0 19.24 39.7 15.52 28.43 30.02 38.33 26.25 25.55 35.0 28.3 25.71 15.0 16.03 46.75 30.48 10.82 17.46 39.96 10.77 11.05 31.62 13.45 19.03 12.21 29.21 11.4 7.62 17.89 11.18 34.66 38.28 12.08 38.08 31.06 14.04 11.0 24.76 33.02 36.12 19.03 32.76 36.4 27.78 23.41 31.78 15.13 29.41 18.11 18.79 36.88 4.12 35.34 12.04 26.0 17.09 36.25 39.41 29.55 2.24 24.19 30.68 36.88 37.36 30.41 27.07 26.93 37.05 13.6 12.04 27.2 27.02 29.02 6.4 25.06 
23.32 15.65 0.0 20.0 13.89 29.0 21.47 20.52 20.25 29.41 19.65 15.0 22.09 24.41 15.65 41.44 27.66 14.56 23.02 44.29 18.68 20.59 37.64 7.21 25.08 26.93 24.52 24.84 28.43 13.6 17.09 23.19 32.56 15.03 31.3 24.17 32.98 7.07 8.25 43.42 30.59 26.42 30.0 41.59 19.72 6.71 27.73 5.83 19.21 18.38 30.27 11.7 17.0 23.77 25.5 20.59 33.29 9.85 40.31 41.23 6.0 22.8 11.4 20.62 24.17 7.81 39.62 27.02 12.21 29.61 17.0 5.1 41.88 16.28 24.74 22.02 17.03 28.43 15.81 39.2 12.04 29.07 40.02 34.06 13.93 20.25 36.22 26.63 49.24 16.55 37.58 20.25 45.61 26.91 24.21 12.04 12.21 17.0 10.2 29.07 
24.33 27.51 20.0 0.0 23.0 17.69 31.58 2.24 40.22 12.37 35.69 34.66 17.2 32.06 30.41 25.71 9.22 12.17 25.18 24.7 21.84 40.5 38.28 26.91 23.09 9.22 18.79 35.23 30.59 27.29 10.77 21.95 24.08 33.62 12.17 6.32 25.61 14.21 12.81 23.77 15.23 35.13 31.05 25.5 22.02 18.03 9.0 25.5 38.9 19.03 16.12 30.48 33.12 19.31 31.02 34.06 13.42 29.0 25.0 35.61 15.62 26.08 28.46 36.67 11.66 12.21 29.83 9.06 23.09 22.2 16.76 15.56 39.82 36.12 19.7 19.72 25.5 8.49 34.21 39.0 32.02 9.22 23.19 22.8 27.31 5.83 25.61 10.05 45.0 31.4 33.29 1.41 36.88 30.27 27.17 25.32 26.48 8.54 26.08 19.1 
36.12 29.53 13.89 23.0 0.0 37.95 35.36 22.09 25.08 35.13 13.89 24.08 13.45 38.28 8.6 48.37 26.57 11.18 36.07 46.87 6.32 24.6 50.91 18.25 37.2 32.06 35.36 12.65 41.73 5.66 13.6 11.7 42.95 15.26 35.06 29.07 43.83 17.8 18.03 45.89 37.48 40.31 43.14 48.26 32.56 19.85 32.0 17.46 27.46 30.61 37.85 23.19 29.83 34.99 39.2 11.18 35.51 21.21 47.52 53.0 17.69 36.07 9.85 14.76 19.72 14.76 49.77 25.63 2.0 40.25 8.6 16.28 54.67 24.33 35.85 11.66 30.81 29.61 27.07 52.35 20.1 29.83 46.1 43.32 27.73 26.48 45.88 24.17 61.61 9.43 49.65 24.02 56.36 40.36 37.48 4.47 5.83 15.3 23.77 38.63 
15.0 26.08 29.0 17.69 37.95 0.0 26.87 19.8 47.3 9.06 48.26 39.85 34.83 25.0 43.57 13.42 23.71 28.65 16.4 23.26 38.47 48.05 24.0 33.54 11.66 10.77 7.07 50.6 19.31 40.79 28.02 39.41 6.71 44.01 14.04 12.21 8.54 22.02 21.1 22.85 6.08 28.02 18.68 13.89 15.62 23.19 12.65 32.39 43.66 13.89 4.12 34.79 33.62 8.49 22.47 48.05 18.03 34.21 12.08 18.36 23.0 17.8 40.11 49.25 29.07 23.54 12.21 24.19 37.36 6.0 33.62 24.02 23.77 41.76 7.81 37.2 22.2 19.31 37.16 24.08 38.83 20.25 13.45 5.39 27.29 12.21 8.06 26.08 27.78 44.55 16.76 16.28 19.21 20.12 18.03 38.83 39.62 25.81 28.79 2.0 
12.21 5.83 21.47 31.58 35.36 26.87 0.0 33.38 28.16 33.29 37.64 20.25 41.77 4.12 35.38 39.82 40.79 33.54 10.82 49.41 39.92 29.41 19.65 19.1 15.81 32.65 19.8 45.45 12.04 34.21 35.23 43.97 25.55 30.81 37.59 31.38 24.6 20.22 21.1 48.83 32.02 5.0 14.04 40.46 11.4 16.49 34.44 19.1 22.36 13.89 30.48 16.12 10.2 18.38 7.0 40.31 41.15 17.2 38.42 28.16 19.42 9.43 30.41 38.42 41.0 24.33 31.38 40.61 33.62 23.02 37.36 20.62 25.32 22.14 19.1 42.45 6.08 38.9 15.52 21.59 21.95 39.85 40.31 29.41 7.81 27.51 30.02 41.3 33.38 36.07 24.19 30.81 34.71 10.05 9.85 33.02 32.8 34.06 12.04 25.5 
26.48 29.12 20.52 2.24 22.09 19.8 33.38 0.0 40.61 13.93 35.17 35.38 15.26 34.01 29.83 27.2 7.62 11.0 27.29 25.0 20.4 40.8 40.5 27.59 25.3 10.77 21.02 34.06 32.76 26.68 9.22 20.12 26.25 33.54 13.0 8.06 27.8 15.26 13.89 24.04 17.0 37.05 33.24 26.93 24.08 19.24 10.2 26.17 39.62 21.1 18.03 31.4 34.44 21.54 33.06 33.24 13.6 29.83 26.57 37.8 16.64 28.16 28.23 36.14 9.43 12.73 31.89 7.28 22.36 24.41 15.3 16.4 42.06 36.77 21.93 17.89 27.29 8.06 35.23 41.23 32.56 8.6 24.52 24.84 28.79 8.06 27.66 8.0 47.2 30.81 35.51 3.61 38.95 32.39 29.27 24.74 25.96 7.07 27.29 21.26 
37.01 24.19 20.25 40.22 25.08 47.3 28.16 40.61 0.0 49.24 16.12 8.06 38.08 32.28 18.25 60.44 47.42 32.65 36.06 64.5 31.38 1.41 47.8 13.93 40.01 46.96 41.44 27.07 39.62 19.92 35.47 36.77 49.25 10.2 51.48 44.29 49.09 26.83 28.18 63.63 49.98 32.31 41.59 60.73 34.01 24.35 47.89 15.23 6.4 34.23 49.34 13.0 18.03 40.31 34.93 21.02 53.54 13.15 59.2 55.23 25.5 35.13 15.23 16.28 42.64 28.02 56.14 46.69 23.26 46.27 32.76 25.06 53.37 6.08 41.3 36.67 28.07 48.6 12.65 49.73 8.54 49.2 59.46 51.79 22.09 40.25 53.46 45.97 61.39 18.11 51.24 40.5 61.01 37.66 36.22 20.62 19.31 36.07 19.03 46.87 
22.47 31.14 29.41 12.37 35.13 9.06 33.29 13.93 49.24 0.0 47.17 42.54 29.07 32.2 42.05 13.34 15.62 24.52 23.77 16.28 34.21 49.77 33.02 35.34 19.65 3.16 14.56 47.52 27.66 39.01 23.09 34.01 15.52 44.15 5.0 6.08 17.46 22.47 21.19 15.62 3.61 35.34 27.29 13.15 21.95 25.06 4.24 34.01 46.65 19.42 5.39 37.74 38.21 15.81 30.08 46.01 9.0 36.72 12.65 26.93 23.77 25.08 39.46 48.17 22.2 22.36 19.42 16.28 35.01 15.03 29.12 24.35 32.76 44.29 15.52 31.78 27.8 10.82 40.8 33.14 40.72 11.66 11.0 12.53 31.83 9.22 15.26 18.38 36.25 43.05 25.71 11.18 26.4 28.16 25.63 37.01 38.05 20.88 32.2 11.05 
42.54 32.2 19.65 35.69 13.89 48.26 37.64 35.17 16.12 47.17 0.0 19.72 27.02 41.4 5.39 60.01 40.31 24.7 42.05 60.17 19.1 15.03 56.08 18.6 44.6 44.28 44.15 11.0 47.01 8.54 27.31 24.08 52.17 7.21 47.85 41.3 52.63 26.31 27.17 59.2 49.01 42.52 48.76 60.03 39.0 26.25 44.55 18.87 21.19 37.95 49.01 21.93 29.07 43.42 43.27 5.1 48.76 20.52 59.0 60.75 25.5 41.59 8.25 1.0 33.62 25.0 59.23 39.4 13.0 49.24 22.47 24.33 60.83 18.79 44.38 24.76 34.99 43.01 24.41 57.8 16.4 43.32 58.14 53.46 30.0 38.05 55.73 38.01 68.45 4.47 57.01 36.5 65.25 45.28 42.94 10.44 9.22 28.79 25.81 48.51 
29.0 16.12 15.0 34.66 24.08 39.85 20.25 35.38 8.06 42.54 19.72 0.0 35.74 24.35 19.65 53.14 42.64 29.07 28.02 58.25 30.27 9.22 39.85 7.81 32.06 40.5 33.73 29.73 31.58 20.1 31.76 35.51 41.44 12.53 45.22 38.01 41.19 20.62 22.02 57.43 42.95 24.6 33.54 53.49 26.08 17.49 41.62 9.22 4.24 26.48 42.15 5.1 10.3 32.56 26.93 23.77 47.63 5.83 51.87 47.17 19.21 27.07 15.13 20.25 38.95 22.67 48.26 42.01 22.09 38.47 30.36 19.1 45.35 2.0 33.54 34.93 20.02 43.14 5.0 41.76 4.0 43.84 52.39 44.15 14.04 33.84 45.71 41.62 53.37 19.92 43.19 34.71 53.0 29.61 28.16 20.0 19.03 31.91 11.18 39.29 
38.47 36.35 22.09 17.2 13.45 34.83 41.77 15.26 38.08 29.07 27.02 35.74 0.0 43.68 21.93 42.15 16.03 8.25 38.91 37.01 8.06 37.74 53.34 28.64 38.28 25.94 34.83 21.84 44.72 19.1 7.21 5.1 41.04 28.6 27.2 23.32 42.43 21.59 20.88 36.01 32.25 46.32 45.65 41.79 35.34 25.32 25.08 27.46 39.56 32.65 33.29 33.54 39.05 35.0 43.66 23.32 26.31 31.58 41.63 52.35 22.36 39.4 23.02 27.8 8.0 17.46 47.01 15.03 15.0 38.9 5.39 21.21 55.8 36.4 35.61 3.0 36.14 20.4 37.66 54.38 31.95 20.22 39.22 40.0 35.13 22.67 42.8 13.0 61.62 22.67 49.68 18.6 54.04 43.86 40.72 17.8 19.21 9.22 32.0 36.12 
10.0 9.22 24.41 32.06 38.28 25.0 4.12 34.01 32.28 32.2 41.4 24.35 43.68 0.0 38.9 37.48 41.19 35.44 8.6 48.02 42.49 33.53 15.52 22.8 13.45 31.95 18.03 48.84 8.25 37.54 36.88 46.24 22.8 34.67 36.77 31.05 21.63 22.14 22.8 47.51 30.53 3.16 10.2 38.18 10.44 18.79 33.84 22.67 26.48 13.34 28.84 20.12 14.32 16.64 3.16 43.86 40.5 21.1 36.07 24.33 21.54 7.21 33.97 42.2 42.19 26.25 28.18 41.11 36.62 20.52 39.56 22.85 21.21 26.25 17.2 44.6 7.62 38.83 19.65 17.46 25.94 39.81 38.29 26.91 11.4 27.46 27.2 42.01 29.27 39.62 20.4 31.14 31.05 6.32 7.07 36.24 36.12 35.51 15.62 23.43 
38.95 29.7 15.65 30.41 8.6 43.57 35.38 29.83 18.25 42.05 5.39 19.65 21.93 38.9 0.0 55.01 34.93 19.31 38.59 54.82 14.21 17.46 53.01 16.4 40.72 39.12 39.85 10.3 43.83 3.16 21.93 19.42 47.8 8.06 42.58 36.12 48.38 21.84 22.56 53.85 44.01 40.36 45.49 55.0 35.36 22.36 39.32 16.28 22.09 34.01 44.1 20.59 27.78 39.22 40.46 5.0 43.42 18.87 54.04 56.86 21.19 38.28 5.0 6.32 28.3 20.1 54.82 34.01 7.62 44.92 17.2 19.92 57.45 19.24 40.16 19.85 32.02 37.64 23.77 54.64 15.81 37.95 53.04 48.84 27.59 33.0 51.2 32.65 64.88 1.0 53.23 31.26 61.03 42.2 39.66 5.1 4.0 23.41 23.35 43.93 
27.66 39.45 41.44 25.71 48.37 13.42 39.82 27.2 60.44 13.34 60.01 53.14 42.15 37.48 55.01 0.0 27.46 37.85 29.07 15.13 47.54 61.13 32.31 46.57 24.08 16.49 20.25 60.83 30.61 52.04 36.4 47.17 15.0 56.44 15.26 19.42 16.64 34.37 33.24 15.3 11.0 40.31 29.41 1.0 28.84 36.14 17.09 45.35 57.01 27.29 11.18 48.1 47.01 21.63 34.66 59.14 17.69 47.43 1.41 22.2 35.51 30.48 52.09 61.01 34.89 35.01 13.15 28.3 48.17 16.97 42.45 36.35 29.61 55.03 20.81 44.94 35.51 22.47 50.57 31.62 51.92 23.02 3.61 10.63 40.71 22.02 11.18 30.53 30.07 56.01 23.09 24.52 18.25 31.89 30.41 50.04 51.01 34.21 42.15 14.42 
33.06 36.69 27.66 9.22 26.57 23.71 40.79 7.62 47.42 15.62 40.31 42.64 16.03 41.19 34.93 27.46 0.0 15.65 34.01 21.0 23.19 47.51 46.32 34.83 31.4 13.04 26.68 37.34 39.2 31.78 13.0 21.1 30.41 39.66 12.21 11.7 32.2 22.83 21.47 20.0 19.21 44.28 39.46 26.93 31.02 26.83 11.4 33.42 46.86 28.02 20.81 38.83 42.05 27.46 40.01 37.64 10.44 37.2 27.2 42.06 24.19 35.0 34.13 41.23 8.06 20.0 35.0 1.0 27.31 29.15 18.44 23.85 47.17 43.93 27.66 19.03 34.71 5.0 42.72 46.84 39.62 4.47 24.19 28.02 36.4 14.04 30.81 3.16 51.48 35.85 40.31 10.05 42.01 39.05 36.01 29.97 31.3 11.66 34.89 25.5 
30.53 28.16 14.56 12.17 11.18 28.65 33.54 11.0 32.65 24.52 24.7 29.07 8.25 35.44 19.31 37.85 15.65 0.0 30.89 35.69 9.85 32.56 45.49 21.54 30.61 21.38 27.59 23.09 36.72 16.16 2.83 11.4 34.41 24.21 24.0 18.44 35.61 13.34 12.65 34.71 27.2 38.08 37.74 37.66 27.29 17.12 21.1 20.25 33.12 24.7 27.86 26.25 31.26 27.59 35.47 22.36 24.33 24.35 37.11 45.34 14.14 31.3 18.6 25.63 10.0 9.22 40.82 14.76 11.7 32.02 5.0 13.04 48.27 30.02 28.28 9.43 27.89 18.44 30.36 46.62 25.55 18.68 35.36 34.0 27.02 16.55 36.72 13.6 54.45 20.25 42.43 13.34 47.71 35.78 32.65 14.32 15.65 4.12 24.08 29.68 
1.41 12.04 23.02 25.18 36.07 16.4 10.82 27.29 36.06 23.77 42.05 28.02 38.91 8.6 38.59 29.07 34.01 30.89 0.0 39.45 39.2 37.12 14.87 24.04 5.0 23.77 9.43 47.8 5.83 36.62 31.78 42.19 14.76 36.06 28.46 23.19 13.93 18.44 18.6 38.95 21.95 11.66 7.07 29.73 3.61 16.4 25.71 23.41 31.06 6.32 20.25 23.09 19.42 8.06 6.32 43.57 32.28 23.35 27.66 19.24 18.38 1.41 34.0 42.95 36.14 22.2 20.88 34.06 34.71 12.21 35.51 19.8 18.87 30.02 8.6 40.31 8.0 31.14 24.08 16.28 28.44 32.14 29.73 18.6 14.0 20.0 19.24 35.23 26.4 39.45 15.3 24.08 25.02 5.1 2.0 35.0 35.23 30.08 17.26 14.87 
38.08 47.42 44.29 24.7 46.87 23.26 49.41 25.0 64.5 16.28 60.17 58.25 37.01 48.02 54.82 15.13 21.0 35.69 39.45 0.0 44.1 64.88 46.1 50.77 34.89 17.8 30.02 58.22 42.54 51.66 33.38 42.05 27.89 58.31 13.04 20.25 29.83 37.74 36.36 1.0 17.49 51.11 41.79 14.14 38.01 40.8 16.64 49.4 62.43 35.61 19.24 53.6 54.45 31.38 45.65 58.05 11.4 52.43 16.03 37.01 39.12 40.82 53.14 61.13 29.02 36.67 28.0 22.0 47.3 28.79 39.2 39.45 44.18 59.91 30.89 40.01 44.05 17.26 56.85 45.71 56.08 17.12 12.0 23.54 48.08 24.41 25.18 24.02 45.18 55.79 37.34 24.17 33.38 43.38 41.18 49.73 50.96 31.58 48.27 25.08 
39.05 34.18 18.68 21.84 6.32 38.47 39.92 20.4 31.38 34.21 19.1 30.27 8.06 42.49 14.21 47.54 23.19 9.85 39.2 44.1 0.0 30.87 54.04 24.02 39.6 31.05 37.01 14.14 45.0 11.66 11.18 5.39 44.1 21.47 33.24 28.16 45.22 20.81 20.62 43.1 37.0 44.78 46.23 47.3 35.61 23.71 30.59 23.09 33.73 33.3 37.7 29.02 35.36 36.88 43.05 15.26 33.0 27.02 46.84 54.82 21.1 39.41 16.16 19.85 15.52 17.03 50.61 22.2 8.25 41.62 5.1 19.72 57.28 30.59 37.64 5.66 34.89 27.0 33.0 55.32 26.31 27.02 44.91 43.83 32.57 26.4 46.53 20.4 63.78 14.87 51.74 23.09 57.45 43.83 40.8 10.77 12.08 13.34 28.86 39.45 
38.05 25.32 20.59 40.5 24.6 48.05 29.41 40.8 1.41 49.77 15.03 9.22 37.74 33.53 17.46 61.13 47.51 32.56 37.12 64.88 30.87 0.0 49.04 14.56 41.0 47.42 42.3 26.02 40.79 19.31 35.38 36.25 50.16 9.49 51.88 44.72 50.04 27.31 28.64 64.01 50.6 33.62 42.76 61.4 35.0 25.0 48.3 15.81 7.81 35.13 50.0 14.04 19.31 41.19 36.14 20.0 53.85 14.04 59.91 56.32 26.0 36.22 14.76 15.13 42.52 28.3 57.08 46.75 22.83 47.17 32.45 25.5 54.57 7.28 42.19 36.24 29.15 48.83 13.93 50.96 9.22 49.41 60.08 52.61 23.19 40.72 54.33 45.97 62.59 17.26 52.35 40.82 62.03 38.83 37.34 20.12 18.79 36.07 20.0 47.68 
15.0 24.17 37.64 38.28 50.91 24.0 19.65 40.5 47.8 33.02 56.08 39.85 53.34 15.52 53.01 32.31 46.32 45.49 14.87 46.1 54.04 49.04 0.0 37.59 15.23 34.23 19.65 62.48 9.22 51.22 46.14 56.86 18.25 49.65 38.01 34.71 16.28 33.3 33.42 45.89 30.02 16.03 7.81 33.24 18.44 31.14 36.22 37.22 41.98 20.81 28.02 35.47 29.83 18.97 13.0 58.01 42.01 36.25 31.02 12.04 33.24 14.87 48.26 56.94 49.77 37.01 19.72 46.57 49.52 18.0 50.22 34.66 6.08 41.76 18.68 54.92 21.1 42.58 35.17 2.0 41.23 43.57 34.48 22.56 26.4 32.57 21.19 48.08 14.0 53.82 9.43 37.0 19.21 10.82 13.45 49.68 49.82 44.29 30.41 22.0 
24.74 13.6 7.21 26.91 18.25 33.54 19.1 27.59 13.93 35.34 18.6 7.81 28.64 22.8 16.4 46.57 34.83 21.54 24.04 50.77 24.02 14.56 37.59 0.0 27.29 33.12 28.02 26.63 28.64 15.65 24.17 29.02 36.0 12.08 37.74 30.53 36.06 13.04 14.42 49.93 36.06 24.04 30.46 46.84 21.38 10.44 34.13 1.41 12.04 21.02 35.44 5.0 11.7 27.0 24.7 21.26 40.0 3.0 45.35 43.17 11.66 23.41 11.4 19.42 31.3 14.87 43.01 34.21 16.28 33.0 23.35 11.4 42.54 9.22 28.0 28.16 16.55 35.38 9.06 39.36 5.39 36.07 45.54 38.21 11.4 26.42 40.05 33.84 50.33 17.03 39.29 27.02 48.37 26.83 24.7 14.87 14.32 24.19 7.21 33.24 
3.61 16.49 25.08 23.09 37.2 11.66 15.81 25.3 40.01 19.65 44.6 32.06 38.28 13.45 40.72 24.08 31.4 30.61 5.0 34.89 39.6 41.0 15.23 27.29 0.0 20.1 5.1 49.4 8.06 38.47 31.06 42.01 9.85 39.05 24.52 20.02 9.22 19.42 19.21 34.44 17.46 16.4 8.06 24.76 6.0 18.38 22.09 26.48 35.36 6.71 15.65 27.02 24.04 4.0 10.82 45.62 28.44 27.02 22.67 16.16 19.72 6.4 36.4 45.54 34.54 22.67 16.28 31.58 36.06 7.21 35.47 21.1 17.69 34.06 4.12 40.0 12.37 28.02 28.44 16.12 32.06 29.02 24.84 13.6 18.25 17.46 14.32 32.98 24.41 41.63 12.53 21.84 21.1 8.54 6.4 36.72 37.12 29.15 21.0 10.0 
22.56 30.0 26.93 9.22 32.06 10.77 32.65 10.77 46.96 3.16 44.28 40.5 25.94 31.95 39.12 16.49 13.04 21.38 23.77 17.8 31.05 47.42 34.23 33.12 20.1 0.0 15.03 44.41 28.16 36.06 19.92 30.87 17.46 41.48 5.0 3.0 19.31 20.12 18.79 17.03 6.4 35.11 28.02 16.28 21.54 23.02 2.0 31.76 44.65 18.79 7.81 35.81 36.8 16.12 30.08 43.0 8.54 34.67 15.81 29.07 21.47 25.0 36.67 45.28 19.21 19.65 22.02 13.6 32.0 16.49 25.96 21.93 34.48 42.19 16.03 28.64 26.93 8.54 39.05 34.53 38.47 9.49 14.04 15.0 30.48 6.71 17.8 15.62 38.47 40.11 27.51 8.06 29.07 28.44 25.71 34.06 35.13 17.72 30.48 12.65 
8.06 19.24 24.52 18.79 35.36 7.07 19.8 21.02 41.44 14.56 44.15 33.73 34.83 18.03 39.85 20.25 26.68 27.59 9.43 30.02 37.01 42.3 19.65 28.02 5.1 15.03 0.0 47.85 13.15 37.34 27.66 38.9 8.06 39.2 19.42 15.13 8.54 18.03 17.46 29.53 12.53 21.1 13.0 20.81 8.6 18.11 17.03 27.0 37.36 7.28 10.82 28.64 26.83 1.41 15.65 44.6 23.35 28.28 18.87 17.8 18.68 10.82 35.9 45.12 30.41 20.59 15.13 26.93 34.44 5.1 32.56 19.92 21.1 35.69 1.0 36.8 15.26 23.09 30.68 20.25 33.14 24.08 20.52 10.44 20.62 13.0 12.04 28.46 26.87 40.8 14.87 17.46 21.19 13.6 11.18 35.47 36.06 25.61 22.56 5.83 
48.01 39.7 24.84 35.23 12.65 50.6 45.45 34.06 27.07 47.52 11.0 29.73 21.84 48.84 10.3 60.83 37.34 23.09 47.8 58.22 14.14 26.02 62.48 26.63 49.4 44.41 47.85 0.0 53.26 11.31 25.0 17.46 55.54 17.46 47.04 41.44 56.36 30.02 30.41 57.22 50.01 50.45 54.82 60.67 44.41 31.4 44.18 26.4 31.78 42.72 50.45 30.89 38.08 47.41 50.21 6.08 47.04 29.15 60.02 65.37 29.68 47.63 15.26 11.05 29.61 27.31 62.39 36.35 13.42 52.8 19.03 28.3 66.61 29.12 48.3 18.97 41.73 41.05 34.01 64.03 26.0 41.11 58.42 55.97 37.64 39.05 58.52 34.53 73.78 9.85 61.91 36.35 68.94 51.74 49.04 12.81 12.73 27.02 33.42 51.26 
6.32 15.52 28.43 30.59 41.73 19.31 12.04 32.76 39.62 27.66 47.01 31.58 44.72 8.25 43.83 30.61 39.2 36.72 5.83 42.54 45.0 40.79 9.22 28.64 8.06 28.16 13.15 53.26 0.0 42.01 37.58 48.02 15.62 40.72 32.56 28.0 14.14 24.21 24.41 42.15 25.3 10.3 2.0 31.4 9.43 21.93 30.15 28.18 34.13 12.08 23.41 26.93 22.02 12.04 5.1 48.83 36.5 27.51 29.21 16.12 24.08 5.66 39.12 47.89 41.76 28.02 20.25 39.32 40.31 13.89 41.34 25.5 13.93 33.54 12.17 46.14 12.08 36.0 27.17 10.82 32.57 37.0 31.91 20.0 17.72 25.18 19.8 40.61 21.84 44.65 12.17 29.43 22.8 2.0 4.24 40.46 40.61 35.85 21.54 17.46 
36.89 28.43 13.6 27.29 5.66 40.79 34.21 26.68 19.92 39.01 8.54 20.1 19.1 37.54 3.16 52.04 31.78 16.16 36.62 51.66 11.66 19.31 51.22 15.65 38.47 36.06 37.34 11.31 42.01 0.0 18.79 17.0 45.22 9.85 39.46 33.06 45.88 19.31 19.92 50.7 41.05 39.2 43.6 52.01 33.29 20.25 36.22 15.26 23.02 31.76 41.19 20.25 27.31 36.77 38.9 7.28 40.26 18.38 51.09 54.56 18.79 36.4 5.0 9.49 25.24 17.26 52.2 30.87 4.47 42.38 14.21 17.46 55.47 20.0 37.7 17.2 30.41 34.48 23.77 52.8 16.12 34.79 50.01 46.1 26.4 30.02 48.51 29.53 62.77 4.12 51.0 28.16 58.52 40.46 37.8 2.0 1.41 20.25 22.2 41.23 
31.3 30.02 17.09 10.77 13.6 28.02 35.23 9.22 35.47 23.09 27.31 31.76 7.21 36.88 21.93 36.4 13.0 2.83 31.78 33.38 11.18 35.38 46.14 24.17 31.06 19.92 27.66 25.0 37.58 18.79 0.0 11.4 34.06 27.02 22.09 17.09 35.38 15.03 14.14 32.39 26.0 39.62 38.47 36.14 28.23 19.0 19.42 22.85 35.85 25.5 26.83 28.79 33.54 27.8 36.69 24.74 22.09 26.93 35.74 45.25 16.0 32.31 21.4 28.23 7.21 11.0 40.22 12.08 14.32 31.83 6.08 15.03 48.6 32.76 28.43 9.22 29.43 16.12 32.89 47.17 28.3 16.28 33.73 33.29 29.02 15.81 36.06 10.82 54.49 22.85 42.52 12.08 47.2 36.77 33.62 17.0 18.36 2.24 26.31 29.21 
41.88 38.33 23.19 21.95 11.7 39.41 43.97 20.12 36.77 34.01 24.08 35.51 5.1 46.24 19.42 47.17 21.1 11.4 42.19 42.05 5.39 36.25 56.86 29.02 42.01 30.87 38.9 17.46 48.02 17.0 11.4 0.0 45.45 26.83 32.28 28.18 46.75 24.17 23.71 41.05 37.12 48.7 49.09 46.82 38.59 27.51 30.08 28.0 39.05 36.06 38.08 34.01 40.11 38.95 46.52 19.85 31.4 32.02 46.62 56.59 24.7 42.54 21.54 24.76 13.04 20.12 51.61 20.1 13.6 43.19 6.71 23.41 59.67 35.9 39.62 2.24 38.63 25.5 38.05 58.01 31.58 25.32 44.27 44.65 36.88 27.2 47.43 18.03 65.76 20.0 53.76 23.32 58.6 47.01 43.91 16.16 17.46 13.6 33.38 40.61 
13.42 26.25 32.56 24.08 42.95 6.71 25.55 26.25 49.25 15.52 52.17 41.44 41.04 22.8 47.8 15.0 30.41 34.41 14.76 27.89 44.1 50.16 18.25 36.0 9.85 17.46 8.06 55.54 15.62 45.22 34.06 45.45 0.0 47.27 20.4 18.87 2.0 25.96 25.3 27.66 12.17 25.5 14.42 15.81 15.52 26.17 19.31 35.01 44.91 15.03 10.2 36.35 33.84 9.0 19.85 52.5 24.33 36.12 13.6 11.66 26.68 16.12 43.93 53.15 35.61 28.23 7.07 30.89 42.15 3.0 39.41 27.89 17.26 43.42 8.0 43.28 22.14 26.0 38.08 18.03 41.05 26.93 16.55 4.47 27.89 18.38 4.47 32.76 21.1 48.76 10.2 22.67 13.42 16.97 15.81 43.32 43.97 31.89 30.27 5.0 
36.69 25.55 15.03 33.62 15.26 44.01 30.81 33.54 10.2 44.15 7.21 12.53 28.6 34.67 8.06 56.44 39.66 24.21 36.06 58.31 21.47 9.49 49.65 12.08 39.05 41.48 39.2 17.46 40.72 9.85 27.02 26.83 47.27 0.0 45.54 38.6 47.52 22.09 23.19 57.38 45.54 35.61 42.54 56.57 33.24 21.1 42.06 12.65 14.32 32.56 45.28 14.87 21.93 38.33 36.72 11.4 47.01 13.6 55.33 55.08 21.02 35.47 5.66 7.81 33.97 21.84 54.33 38.83 13.6 44.28 23.43 20.1 54.63 11.7 39.32 26.93 28.64 41.59 17.2 51.43 9.22 42.06 54.92 49.01 23.32 34.93 51.09 37.8 62.39 8.0 51.24 34.18 60.02 38.91 36.77 10.82 9.43 28.02 19.24 44.01 
27.2 35.0 31.3 12.17 35.06 14.04 37.59 13.0 51.48 5.0 47.85 45.22 27.2 36.77 42.58 15.26 12.21 24.0 28.46 13.04 33.24 51.88 38.01 37.74 24.52 5.0 19.42 47.04 32.56 39.46 22.09 32.28 20.4 45.54 0.0 7.21 22.36 24.7 23.32 12.21 8.25 39.92 32.25 14.76 26.4 27.8 3.61 36.36 49.41 23.71 10.2 40.61 41.77 20.62 34.79 46.17 4.0 39.41 15.0 31.62 26.08 29.73 40.52 48.84 19.7 23.77 23.71 13.04 35.23 20.02 28.16 26.42 37.66 46.87 20.4 30.08 31.91 7.21 43.93 38.12 43.05 7.81 12.08 17.09 35.47 11.4 19.7 15.26 40.85 43.57 30.59 11.4 30.53 32.98 30.36 37.48 38.64 20.02 35.38 16.03 
22.09 28.3 24.17 6.32 29.07 12.21 31.38 8.06 44.29 6.08 41.3 38.01 23.32 31.05 36.12 19.42 11.7 18.44 23.19 20.25 28.16 44.72 34.71 30.53 20.02 3.0 15.13 41.44 28.0 33.06 17.09 28.18 18.87 38.6 7.21 0.0 20.59 17.49 16.12 19.42 8.94 34.21 28.07 19.24 20.62 20.62 3.61 29.15 42.2 17.72 10.0 33.42 34.83 16.03 29.43 40.0 10.0 32.2 18.68 30.53 18.87 24.33 33.73 42.3 16.97 16.76 24.04 12.08 29.0 17.46 23.09 19.24 35.47 39.66 16.12 25.94 25.5 8.0 36.8 35.17 35.85 9.0 17.03 16.97 28.6 4.24 19.8 13.89 39.96 37.12 28.64 5.1 31.11 28.07 25.18 31.06 32.14 14.87 28.28 13.89 
12.65 25.71 32.98 25.61 43.83 8.54 24.6 27.8 49.09 17.46 52.63 41.19 42.43 21.63 48.38 16.64 32.2 35.61 13.93 29.83 45.22 50.04 16.28 36.06 9.22 19.31 8.54 56.36 14.14 45.88 35.38 46.75 2.0 47.52 22.36 20.59 0.0 26.57 26.0 29.61 14.14 24.21 12.81 17.49 15.13 26.48 21.19 35.13 44.55 15.03 12.17 36.12 33.24 9.22 18.6 53.14 26.31 36.01 15.26 10.0 27.2 15.23 44.38 53.6 37.2 29.07 7.07 32.65 42.95 3.61 40.61 28.46 15.3 43.19 8.25 44.6 21.59 27.86 37.66 16.03 41.0 28.79 18.38 6.32 27.46 19.85 5.66 34.48 19.42 49.34 8.25 24.21 12.65 15.62 14.76 44.01 44.6 33.24 30.07 6.71 
18.38 15.0 7.07 14.21 17.8 22.02 20.22 15.26 26.83 22.47 26.31 20.62 21.59 22.14 21.84 34.37 22.83 13.34 18.44 37.74 20.81 27.31 33.3 13.04 19.42 20.12 18.03 30.02 24.21 19.31 15.03 24.17 25.96 22.09 24.7 17.49 26.57 0.0 1.41 36.89 23.54 24.74 25.5 34.53 14.87 4.12 21.1 11.66 24.84 12.81 23.19 16.28 19.31 17.46 22.36 26.57 27.02 14.87 33.24 35.36 1.41 18.6 18.11 27.29 21.21 4.12 32.98 22.36 16.64 23.09 17.46 2.0 36.88 22.2 18.38 22.47 14.56 22.67 20.0 34.66 18.36 23.43 32.98 27.17 14.14 13.42 29.43 22.47 43.83 22.8 31.91 14.14 39.22 23.02 20.0 17.46 18.03 14.04 12.08 22.2 
18.44 16.03 8.25 12.81 18.03 21.1 21.1 13.89 28.18 21.19 27.17 22.02 20.88 22.8 22.56 33.24 21.47 12.65 18.6 36.36 20.62 28.64 33.42 14.42 19.21 18.79 17.46 30.41 24.41 19.92 14.14 23.71 25.3 23.19 23.32 16.12 26.0 1.41 0.0 35.51 22.36 25.5 25.61 33.38 15.0 5.39 19.72 13.04 26.25 12.73 22.09 17.69 20.62 17.0 22.85 27.2 25.61 16.28 32.14 34.99 2.83 18.87 19.03 28.16 20.1 3.61 32.28 21.02 17.0 22.47 17.0 3.16 36.8 23.6 17.89 21.93 15.3 21.26 21.4 34.71 19.72 22.02 31.78 26.31 15.3 12.08 28.64 21.19 43.6 23.54 31.62 12.73 38.63 23.32 20.25 18.03 18.68 13.0 13.42 21.38 
37.59 46.75 43.42 23.77 45.89 22.85 48.83 24.04 63.63 15.62 59.2 57.43 36.01 47.51 53.85 15.3 20.0 34.71 38.95 1.0 43.1 64.01 45.89 49.93 34.44 17.03 29.53 57.22 42.15 50.7 32.39 41.05 27.66 57.38 12.21 19.42 29.61 36.89 35.51 0.0 17.0 50.61 41.44 14.32 37.44 40.0 15.81 48.55 61.61 35.0 18.79 52.8 53.74 30.89 45.18 57.07 10.44 51.61 16.12 37.0 38.28 40.31 52.2 60.17 28.02 35.78 28.02 21.0 46.32 28.46 38.21 38.59 44.1 59.08 30.41 39.01 43.42 16.28 56.08 45.54 55.23 16.12 12.04 23.35 47.38 23.6 25.08 23.02 45.28 54.82 37.22 23.26 33.54 42.95 40.71 48.76 50.0 30.59 47.51 24.7 
20.59 30.48 30.59 15.23 37.48 6.08 32.02 17.0 49.98 3.61 49.01 42.95 32.25 30.53 44.01 11.0 19.21 27.2 21.95 17.49 37.0 50.6 30.02 36.06 17.46 6.4 12.53 50.01 25.3 41.05 26.0 37.12 12.17 45.54 8.25 8.94 14.14 23.54 22.36 17.0 0.0 33.62 24.74 11.05 20.62 25.63 7.81 34.79 46.96 18.38 2.0 38.01 37.8 13.89 28.18 48.17 12.17 37.16 10.05 23.41 24.74 23.32 41.11 50.01 25.61 24.02 15.81 19.85 37.22 12.04 31.95 25.5 29.43 44.78 13.42 34.89 26.87 14.42 40.82 30.02 41.44 15.26 9.49 8.94 31.4 11.05 11.66 21.93 32.7 45.01 22.36 13.93 22.8 26.0 23.71 39.05 40.01 23.77 32.25 8.06 
13.04 10.82 26.42 35.13 40.31 28.02 5.0 37.05 32.31 35.34 42.52 24.6 46.32 3.16 40.36 40.31 44.28 38.08 11.66 51.11 44.78 33.62 16.03 24.04 16.4 35.11 21.1 50.45 10.3 39.2 39.62 48.7 25.5 35.61 39.92 34.21 24.21 24.74 25.5 50.61 33.62 0.0 12.08 41.04 13.6 21.19 37.0 24.08 26.25 16.49 31.91 20.81 14.32 19.72 5.66 45.28 43.66 22.02 38.9 25.96 24.04 10.3 35.38 43.28 45.1 28.86 30.53 44.18 38.59 23.35 42.06 25.3 22.0 26.4 20.25 47.13 10.2 41.98 19.7 18.03 26.63 42.95 41.23 29.7 12.81 30.59 29.83 45.04 30.02 41.04 22.14 34.23 32.89 8.6 10.0 38.01 37.8 38.33 17.03 26.4 
7.21 17.46 30.0 31.05 43.14 18.68 14.04 33.24 41.59 27.29 48.76 33.54 45.65 10.2 45.49 29.41 39.46 37.74 7.07 41.79 46.23 42.76 7.81 30.46 8.06 28.02 13.0 54.82 2.0 43.6 38.47 49.09 14.42 42.54 32.25 28.07 12.81 25.5 25.61 41.44 24.74 12.08 0.0 30.23 10.63 23.43 30.02 29.97 36.12 13.04 22.8 28.86 24.02 12.04 7.07 50.48 36.22 29.41 28.02 14.14 25.46 7.21 40.82 49.65 42.38 29.21 18.6 39.62 41.77 13.0 42.44 26.87 12.08 35.51 12.0 47.17 13.93 36.06 29.15 9.22 34.48 37.05 30.89 18.87 19.65 25.5 18.44 41.0 19.92 46.32 10.2 29.83 20.88 4.0 5.83 42.01 42.2 36.67 23.41 16.76 
28.32 39.96 41.59 25.5 48.26 13.89 40.46 26.93 60.73 13.15 60.03 53.49 41.79 38.18 55.0 1.0 26.93 37.66 29.73 14.14 47.3 61.4 33.24 46.84 24.76 16.28 20.81 60.67 31.4 52.01 36.14 46.82 15.81 56.57 14.76 19.24 17.49 34.53 33.38 14.32 11.05 41.04 30.23 0.0 29.41 36.4 16.76 45.61 57.38 27.78 11.4 48.47 47.51 22.2 35.38 59.08 17.03 47.76 2.24 23.19 35.69 31.14 52.15 61.03 34.44 35.06 14.14 27.78 48.09 17.69 42.2 36.5 30.59 55.36 21.4 44.6 36.06 21.95 50.99 32.57 52.2 22.47 2.83 11.4 41.18 22.0 12.08 30.02 31.06 56.0 24.04 24.33 19.24 32.65 31.11 50.01 51.0 33.96 42.54 15.0 
3.61 10.77 19.72 22.02 32.56 15.62 11.4 24.08 34.01 21.95 39.0 26.08 35.34 10.44 35.36 28.84 31.02 27.29 3.61 38.01 35.61 35.0 18.44 21.38 6.0 21.54 8.6 44.41 9.43 33.29 28.23 38.59 15.52 33.24 26.4 20.62 15.13 14.87 15.0 37.44 20.62 13.6 10.63 29.41 0.0 13.04 23.41 20.62 29.43 3.0 19.1 21.02 18.38 7.21 9.0 40.31 30.08 21.02 27.46 21.84 14.87 4.12 30.87 39.92 32.76 18.6 22.2 31.0 31.24 12.65 31.91 16.28 22.2 28.07 8.06 36.72 6.71 28.44 22.56 19.8 26.08 29.43 29.07 18.79 12.37 17.12 19.92 32.06 29.53 36.24 18.03 21.0 27.07 8.54 5.39 31.62 31.91 26.57 15.0 14.42 
16.64 11.05 6.71 18.03 19.85 23.19 16.49 19.24 24.35 25.06 26.25 17.49 25.32 18.79 22.36 36.14 26.83 17.12 16.4 40.8 23.71 25.0 31.14 10.44 18.38 23.02 18.11 31.4 21.93 20.25 19.0 27.51 26.17 21.1 27.8 20.62 26.48 4.12 5.39 40.0 25.63 21.19 23.43 36.4 13.04 0.0 24.21 9.22 21.63 11.7 25.0 12.81 15.23 17.26 19.42 27.29 30.41 11.66 34.93 34.54 3.0 16.28 18.03 27.2 25.32 8.0 33.24 26.4 18.38 23.19 20.88 4.12 35.23 19.24 18.25 25.96 11.18 26.4 16.28 32.65 15.81 27.2 35.11 28.02 10.05 16.4 30.02 26.57 42.54 23.26 30.87 17.8 39.05 20.52 17.69 18.6 18.87 18.11 8.06 23.02 
24.52 31.62 27.73 9.0 32.0 12.65 34.44 10.2 47.89 4.24 44.55 41.62 25.08 33.84 39.32 17.09 11.4 21.1 25.71 16.64 30.59 48.3 36.22 34.13 22.09 2.0 17.03 44.18 30.15 36.22 19.42 30.08 19.31 42.06 3.61 3.61 21.19 21.1 19.72 15.81 7.81 37.0 30.02 16.76 23.41 24.21 0.0 32.76 45.8 20.62 9.43 37.01 38.29 18.11 32.02 43.05 6.71 35.81 16.55 30.87 22.47 26.93 37.11 45.54 18.03 20.25 23.6 12.04 32.06 18.44 25.5 22.83 36.4 43.27 18.03 27.86 28.65 6.71 40.36 36.5 39.45 7.62 14.32 16.64 32.02 7.81 19.42 14.14 40.25 40.31 29.41 8.06 30.61 30.41 27.66 34.23 35.36 17.26 31.83 14.56 
24.04 13.45 5.83 25.5 17.46 32.39 19.1 26.17 15.23 34.01 18.87 9.22 27.46 22.67 16.28 45.35 33.42 20.25 23.41 49.4 23.09 15.81 37.22 1.41 26.48 31.76 27.0 26.4 28.18 15.26 22.85 28.0 35.01 12.65 36.36 29.15 35.13 11.66 13.04 48.55 34.79 24.08 29.97 45.61 20.62 9.22 32.76 0.0 13.45 20.1 34.21 6.08 12.37 26.02 24.41 21.21 38.6 4.12 44.15 42.45 10.3 22.85 11.31 19.72 29.97 13.45 42.05 32.8 15.52 32.02 22.2 10.0 42.05 10.63 27.02 27.07 16.12 33.97 10.2 38.95 6.71 34.66 44.27 37.12 11.31 25.06 39.01 32.45 49.77 16.97 38.6 25.61 47.52 26.42 24.17 14.32 13.89 22.83 7.07 32.14 
32.14 19.03 19.21 38.9 27.46 43.66 22.36 39.62 6.4 46.65 21.19 4.24 39.56 26.48 22.09 57.01 46.86 33.12 31.06 62.43 33.73 7.81 41.98 12.04 35.36 44.65 37.36 31.78 34.13 23.02 35.85 39.05 44.91 14.32 49.41 42.2 44.55 24.84 26.25 61.61 46.96 26.25 36.12 57.38 29.43 21.63 45.8 13.45 0.0 30.08 46.1 8.94 12.17 36.14 29.27 25.71 51.86 10.0 55.71 50.01 23.43 30.02 18.03 21.54 43.05 26.91 51.62 46.23 25.5 41.98 34.18 23.35 47.68 3.16 37.11 38.6 23.09 47.38 7.0 43.93 7.62 48.08 56.36 47.8 17.12 38.01 49.24 45.8 55.73 22.2 46.01 38.95 56.08 32.14 31.0 23.19 22.09 36.06 14.87 43.01 
5.83 12.21 18.38 19.03 30.61 13.89 13.89 21.1 34.23 19.42 37.95 26.48 32.65 13.34 34.01 27.29 28.02 24.7 6.32 35.61 33.3 35.13 20.81 21.02 6.71 18.79 7.28 42.72 12.08 31.76 25.5 36.06 15.03 32.56 23.71 17.72 15.03 12.81 12.73 35.0 18.38 16.49 13.04 27.78 3.0 11.7 20.62 20.1 30.08 0.0 17.03 21.38 19.72 6.08 12.0 38.91 27.31 21.1 25.94 22.85 13.04 7.07 29.73 38.9 29.83 16.28 22.0 28.0 29.41 12.04 29.41 14.42 24.08 28.44 7.07 34.13 8.49 25.5 23.41 22.02 26.02 26.48 27.2 17.72 13.42 14.14 19.24 29.07 31.06 34.93 19.24 18.0 27.46 11.4 8.25 30.02 30.41 23.77 15.3 13.0 
18.87 29.21 30.27 16.12 37.85 4.12 30.48 18.03 49.34 5.39 49.01 42.15 33.29 28.84 44.1 11.18 20.81 27.86 20.25 19.24 37.7 50.0 28.02 35.44 15.65 7.81 10.82 50.45 23.41 41.19 26.83 38.08 10.2 45.28 10.2 10.0 12.17 23.19 22.09 18.79 2.0 31.91 22.8 11.4 19.1 25.0 9.43 34.21 46.1 17.03 0.0 37.16 36.62 12.21 26.42 48.37 14.14 36.4 10.05 21.54 24.33 21.63 41.01 50.01 26.91 24.02 14.21 21.4 37.48 10.05 32.7 25.18 27.46 44.01 11.66 35.85 25.5 16.12 39.82 28.02 40.8 17.0 10.3 7.21 30.23 11.4 10.0 23.43 30.87 45.1 20.4 14.76 21.26 24.17 21.95 39.2 40.11 24.6 31.3 6.08 
24.02 11.4 11.7 30.48 23.19 34.79 16.12 31.4 13.0 37.74 21.93 5.1 33.54 20.12 20.59 48.1 38.83 26.25 23.09 53.6 29.02 14.04 35.47 5.0 27.02 35.81 28.64 30.89 26.93 20.25 28.79 34.01 36.35 14.87 40.61 33.42 36.12 16.28 17.69 52.8 38.01 20.81 28.86 48.47 21.02 12.81 37.01 6.08 8.94 21.38 37.16 0.0 7.21 27.46 22.47 25.24 43.19 2.0 46.82 42.3 14.87 22.2 15.65 22.63 35.85 18.87 43.19 38.28 21.21 33.38 28.28 15.0 40.8 7.07 28.44 33.14 15.13 38.95 4.12 37.34 5.83 39.7 47.42 39.05 9.22 29.21 40.61 38.08 48.76 21.1 38.33 30.41 48.01 25.0 23.35 19.65 18.97 28.64 6.08 34.21 
20.62 7.62 17.0 33.12 29.83 33.62 10.2 34.44 18.03 38.21 29.07 10.3 39.05 14.32 27.78 47.01 42.05 31.26 19.42 54.45 35.36 19.31 29.83 11.7 24.04 36.8 26.83 38.08 22.02 27.31 33.54 40.11 33.84 21.93 41.77 34.83 33.24 19.31 20.62 53.74 37.8 14.32 24.02 47.51 18.38 15.23 38.29 12.37 12.17 19.72 36.62 7.21 0.0 25.5 17.12 32.45 44.82 8.94 45.65 38.01 18.03 18.25 22.83 29.73 40.26 22.8 40.26 41.63 27.89 31.02 34.0 18.68 35.51 12.08 26.4 39.01 11.7 41.34 5.39 31.78 12.73 42.19 46.87 37.16 6.4 30.61 38.28 41.79 43.57 28.3 34.01 32.76 44.28 20.02 19.1 26.57 26.0 32.98 7.28 32.65 
6.71 17.89 23.77 19.31 34.99 8.49 18.38 21.54 40.31 15.81 43.42 32.56 35.0 16.64 39.22 21.63 27.46 27.59 8.06 31.38 36.88 41.19 18.97 27.0 4.0 16.12 1.41 47.41 12.04 36.77 27.8 38.95 9.0 38.33 20.62 16.03 9.22 17.46 17.0 30.89 13.89 19.72 12.04 22.2 7.21 17.26 18.11 26.02 36.14 6.08 12.21 27.46 25.5 0.0 14.32 44.01 24.52 27.17 20.25 18.03 18.03 9.43 35.17 44.38 30.87 20.25 16.03 27.66 34.0 6.0 32.53 19.31 20.81 34.53 1.0 36.88 13.89 24.02 29.41 19.7 32.06 25.02 21.93 11.7 19.31 13.6 13.15 29.12 26.91 40.16 14.87 18.03 21.84 12.37 9.85 34.93 35.47 25.81 21.38 7.21 
7.62 11.18 25.5 31.02 39.2 22.47 7.0 33.06 34.93 30.08 43.27 26.93 43.66 3.16 40.46 34.66 40.01 35.47 6.32 45.65 43.05 36.14 13.0 24.7 10.82 30.08 15.65 50.21 5.1 38.9 36.69 46.52 19.85 36.72 34.79 29.43 18.6 22.36 22.85 45.18 28.18 5.66 7.07 35.38 9.0 19.42 32.02 24.41 29.27 12.0 26.42 22.47 17.12 14.32 0.0 45.45 38.6 23.26 33.24 21.21 21.95 5.1 35.61 44.1 41.59 26.4 25.06 40.0 37.64 17.69 39.81 23.32 18.44 28.86 14.76 44.78 8.49 37.34 22.36 14.87 28.23 38.33 35.61 24.04 13.42 26.08 24.21 41.05 26.48 41.23 17.26 30.0 27.89 3.16 4.47 37.48 37.48 35.17 17.49 20.81 
43.91 34.66 20.59 34.06 11.18 48.05 40.31 33.24 21.02 46.01 5.1 23.77 23.32 43.86 5.0 59.14 37.64 22.36 43.57 58.05 15.26 20.0 58.01 21.26 45.62 43.0 44.6 6.08 48.83 7.28 24.74 19.85 52.5 11.4 46.17 40.0 53.14 26.57 27.2 57.07 48.17 45.28 50.48 59.08 40.31 27.29 43.05 21.21 25.71 38.91 48.37 25.24 32.45 44.01 45.45 0.0 46.69 23.6 58.22 61.74 26.0 43.27 9.9 5.39 30.46 24.52 59.48 36.69 11.0 49.65 19.31 24.7 62.43 23.09 44.94 20.81 37.01 40.79 28.18 59.64 20.12 41.0 57.01 53.37 32.53 37.12 55.79 35.11 69.84 4.24 58.14 35.01 65.79 47.2 44.65 9.22 8.54 26.48 28.28 48.51 
31.05 38.28 33.29 13.42 35.51 18.03 41.15 13.6 53.54 9.0 48.76 47.63 26.31 40.5 43.42 17.69 10.44 24.33 32.28 11.4 33.0 53.85 42.01 40.0 28.44 8.54 23.35 47.04 36.5 40.26 22.09 31.4 24.33 47.01 4.0 10.0 26.31 27.02 25.61 10.44 12.17 43.66 36.22 17.03 30.08 30.41 6.71 38.6 51.86 27.31 14.14 43.19 44.82 24.52 38.6 46.69 0.0 41.87 17.69 35.44 28.43 33.53 41.79 49.73 18.44 25.55 27.31 11.4 35.9 24.02 28.02 28.6 41.59 49.2 24.33 29.27 35.36 6.0 46.67 42.11 45.22 6.08 14.21 20.88 38.6 14.21 23.41 13.6 44.6 44.38 34.53 13.04 34.0 36.88 34.21 38.33 39.56 20.22 38.21 20.02 
24.19 12.08 9.85 29.0 21.21 34.21 17.2 29.83 13.15 36.72 20.52 5.83 31.58 21.1 18.87 47.43 37.2 24.35 23.35 52.43 27.02 14.04 36.25 3.0 27.02 34.67 28.28 29.15 27.51 18.38 26.93 32.02 36.12 13.6 39.41 32.2 36.01 14.87 16.28 51.61 37.16 22.02 29.41 47.76 21.02 11.66 35.81 4.12 10.0 21.1 36.4 2.0 8.94 27.17 23.26 23.6 41.87 0.0 46.17 42.58 13.45 22.56 13.89 21.26 34.01 17.2 43.05 36.62 19.24 33.14 26.31 13.45 41.44 7.62 28.16 31.14 15.52 37.48 6.08 38.08 5.1 38.21 46.62 38.64 9.85 28.02 40.31 36.36 49.34 19.42 38.64 29.0 48.09 25.63 23.77 17.72 17.09 26.83 6.08 33.73 
26.25 38.08 40.31 25.0 47.52 12.08 38.42 26.57 59.2 12.65 59.0 51.87 41.63 36.07 54.04 1.41 27.2 37.11 27.66 16.03 46.84 59.91 31.02 45.35 22.67 15.81 18.87 60.02 29.21 51.09 35.74 46.62 13.6 55.33 15.0 18.68 15.26 33.24 32.14 16.12 10.05 38.9 28.02 2.24 27.46 34.93 16.55 44.15 55.71 25.94 10.05 46.82 45.65 20.25 33.24 58.22 17.69 46.17 0.0 21.1 34.37 29.07 51.04 60.0 34.48 34.0 12.04 28.02 47.27 15.56 41.76 35.23 28.44 53.76 19.42 44.38 34.13 22.2 49.24 30.36 50.7 22.8 4.12 9.22 39.36 21.1 9.85 30.23 29.15 55.04 21.84 23.77 17.46 30.48 29.0 49.09 50.04 33.53 40.85 13.04 
18.44 31.06 41.23 35.61 53.0 18.36 28.16 37.8 55.23 26.93 60.75 47.17 52.35 24.33 56.86 22.2 42.06 45.34 19.24 37.01 54.82 56.32 12.04 43.17 16.16 29.07 17.8 65.37 16.12 54.56 45.25 56.59 11.66 55.08 31.62 30.53 10.0 35.36 34.99 37.0 23.41 25.96 14.14 23.19 21.84 34.54 30.87 42.45 50.01 22.85 21.54 42.3 38.01 18.03 21.21 61.74 35.44 42.58 21.1 0.0 35.78 20.1 52.55 61.68 47.2 38.28 9.06 42.54 51.97 13.45 50.33 37.12 7.62 49.16 17.2 54.45 27.17 37.58 43.01 10.63 47.68 38.48 25.02 14.56 33.14 29.83 12.17 44.42 9.43 57.78 4.0 34.21 7.21 18.11 19.03 52.77 53.23 43.14 36.5 16.64 
18.44 14.04 6.0 15.62 17.69 23.0 19.42 16.64 25.5 23.77 25.5 19.21 22.36 21.54 21.19 35.51 24.19 14.14 18.38 39.12 21.1 26.0 33.24 11.66 19.72 21.47 18.68 29.68 24.08 18.79 16.0 24.7 26.68 21.02 26.08 18.87 27.2 1.41 2.83 38.28 24.74 24.04 25.46 35.69 14.87 3.0 22.47 10.3 23.43 13.04 24.33 14.87 18.03 18.03 21.95 26.0 28.43 13.45 34.37 35.78 0.0 18.44 17.26 26.48 22.36 5.0 33.73 23.71 16.4 23.77 18.03 1.41 37.01 20.81 18.97 23.09 13.93 24.08 18.6 34.66 17.0 24.84 34.21 28.07 13.04 14.76 30.27 23.77 44.1 22.14 32.25 15.56 39.85 22.8 19.85 17.0 17.46 15.13 10.77 23.09 
2.83 11.0 22.8 26.08 36.07 17.8 9.43 28.16 35.13 25.08 41.59 27.07 39.4 7.21 38.28 30.48 35.0 31.3 1.41 40.82 39.41 36.22 14.87 23.41 6.4 25.0 10.82 47.63 5.66 36.4 32.31 42.54 16.12 35.47 29.73 24.33 15.23 18.6 18.87 40.31 23.32 10.3 7.21 31.14 4.12 16.28 26.93 22.85 30.02 7.07 21.63 22.2 18.25 9.43 5.1 43.27 33.53 22.56 29.07 20.1 18.44 0.0 33.62 42.49 36.88 22.47 22.14 35.01 34.66 13.6 35.85 19.85 19.24 29.07 10.0 40.71 7.07 32.25 23.02 16.4 27.66 33.24 31.14 20.0 13.04 21.02 20.59 36.12 26.93 39.12 16.12 25.02 26.08 4.47 1.41 34.83 35.0 30.68 16.49 16.28 
34.44 24.76 11.4 28.46 9.85 40.11 30.41 28.23 15.23 39.46 8.25 15.13 23.02 33.97 5.0 52.09 34.13 18.6 34.0 53.14 16.16 14.76 48.26 11.4 36.4 36.67 35.9 15.26 39.12 5.0 21.4 21.54 43.93 5.66 40.52 33.73 44.38 18.11 19.03 52.2 41.11 35.38 40.82 52.15 30.87 18.03 37.11 11.31 18.03 29.73 41.01 15.65 22.83 35.17 35.61 9.9 41.79 13.89 51.04 52.55 17.26 33.62 0.0 9.22 28.32 17.12 50.99 33.29 8.06 41.0 17.8 16.12 52.84 15.0 36.14 21.47 27.2 36.25 18.97 49.93 11.18 36.67 50.36 45.28 22.63 30.27 47.52 32.2 60.37 5.66 48.85 29.12 57.01 37.44 34.99 5.39 4.12 22.47 18.38 40.31 
43.46 33.02 20.62 36.67 14.76 49.25 38.42 36.14 16.28 48.17 1.0 20.25 27.8 42.2 6.32 61.01 41.23 25.63 42.95 61.13 19.85 15.13 56.94 19.42 45.54 45.28 45.12 11.05 47.89 9.49 28.23 24.76 53.15 7.81 48.84 42.3 53.6 27.29 28.16 60.17 50.01 43.28 49.65 61.03 39.92 27.2 45.54 19.72 21.54 38.9 50.01 22.63 29.73 44.38 44.1 5.39 49.73 21.26 60.0 61.68 26.48 42.49 9.22 0.0 34.48 26.0 60.21 40.31 13.93 50.22 23.32 25.32 61.72 19.24 45.35 25.5 35.85 43.97 25.0 58.67 17.03 44.27 59.14 54.45 30.81 39.05 56.72 38.91 69.35 5.39 57.94 37.48 66.22 46.14 43.83 11.4 10.2 29.73 26.63 49.5 
35.44 36.12 24.17 11.66 19.72 29.07 41.0 9.43 42.64 22.2 33.62 38.95 8.0 42.19 28.3 34.89 8.06 10.0 36.14 29.02 15.52 42.52 49.77 31.3 34.54 19.21 30.41 29.61 41.76 25.24 7.21 13.04 35.61 33.97 19.7 16.97 37.2 21.21 20.1 28.02 25.61 45.1 42.38 34.44 32.76 25.32 18.03 29.97 43.05 29.83 26.91 35.85 40.26 30.87 41.59 30.46 18.44 34.01 34.48 47.2 22.36 36.88 28.32 34.48 0.0 17.46 41.01 7.07 20.81 33.84 11.18 21.59 51.48 39.96 31.3 11.0 35.01 12.65 39.92 50.57 35.51 12.37 31.78 33.94 35.36 17.49 36.77 5.0 56.61 29.15 44.94 13.04 48.08 41.23 38.08 23.6 25.0 7.28 32.98 30.61 
22.02 19.03 7.81 12.21 14.76 23.54 24.33 12.73 28.02 22.36 25.0 22.67 17.46 26.25 20.1 35.01 20.0 9.22 22.2 36.67 17.03 28.3 37.01 14.87 22.67 19.65 20.59 27.31 28.02 17.26 11.0 20.12 28.23 21.84 23.77 16.76 29.07 4.12 3.61 35.78 24.02 28.86 29.21 35.06 18.6 8.0 20.25 13.45 26.91 16.28 24.02 18.87 22.8 20.25 26.4 24.52 25.55 17.2 34.0 38.28 5.0 22.47 17.12 26.0 17.46 0.0 35.11 19.42 13.93 25.5 13.42 4.12 40.31 24.04 21.1 18.38 18.68 20.62 22.83 38.29 19.85 21.26 33.24 28.86 18.03 13.15 31.32 19.24 47.01 21.1 35.0 12.53 41.63 26.93 23.85 15.3 16.12 10.2 15.52 24.04 
19.65 32.76 39.62 29.83 49.77 12.21 31.38 31.89 56.14 19.42 59.23 48.26 47.01 28.18 54.82 13.15 35.0 40.82 20.88 28.0 50.61 57.08 19.72 43.01 16.28 22.02 15.13 62.39 20.25 52.2 40.22 51.61 7.07 54.33 23.71 24.04 7.07 32.98 32.28 28.02 15.81 30.53 18.6 14.14 22.2 33.24 23.6 42.05 51.62 22.0 14.21 43.19 40.26 16.03 25.06 59.48 27.31 43.05 12.04 9.06 33.73 22.14 50.99 60.21 41.01 35.11 0.0 35.61 49.04 10.05 45.79 34.93 16.49 50.25 15.03 49.41 28.64 30.23 44.72 18.79 48.01 31.06 16.0 7.07 34.53 24.41 4.24 37.64 17.46 55.79 10.3 28.43 7.07 21.95 21.54 50.29 50.96 38.01 37.12 11.18 
33.14 36.4 27.02 9.06 25.63 24.19 40.61 7.28 46.69 16.28 39.4 42.01 15.03 41.11 34.01 28.3 1.0 14.76 34.06 22.0 22.2 46.75 46.57 34.21 31.58 13.6 26.93 36.35 39.32 30.87 12.08 20.1 30.89 38.83 13.04 12.08 32.65 22.36 21.02 21.0 19.85 44.18 39.62 27.78 31.0 26.4 12.04 32.8 46.23 28.0 21.4 38.28 41.63 27.66 40.0 36.69 11.4 36.62 28.02 42.54 23.71 35.01 33.29 40.31 7.07 19.42 35.61 0.0 26.4 29.55 17.46 23.32 47.54 43.28 27.89 18.03 34.53 5.83 42.19 47.13 38.95 5.39 25.06 28.6 36.06 14.14 31.4 2.24 51.97 34.93 40.72 10.0 42.64 39.12 36.06 29.07 30.41 10.82 34.44 25.94 
34.83 27.78 12.21 23.09 2.0 37.36 33.62 22.36 23.26 35.01 13.0 22.09 15.0 36.62 7.62 48.17 27.31 11.7 34.71 47.3 8.25 22.83 49.52 16.28 36.06 32.0 34.44 13.42 40.31 4.47 14.32 13.6 42.15 13.6 35.23 29.0 42.95 16.64 17.0 46.32 37.22 38.59 41.77 48.09 31.24 18.38 32.06 15.52 25.5 29.41 37.48 21.21 27.89 34.0 37.64 11.0 35.9 19.24 47.27 51.97 16.4 34.66 8.06 13.93 20.81 13.93 49.04 26.4 0.0 39.4 9.9 15.0 53.41 22.36 34.89 13.42 29.21 30.08 25.08 50.99 18.11 30.36 46.01 42.72 25.94 26.17 45.22 25.06 60.46 8.54 48.55 24.02 55.54 38.9 36.07 2.83 4.24 15.81 21.93 37.95 
10.82 23.41 29.61 22.2 40.25 6.0 23.02 24.41 46.27 15.03 49.24 38.47 38.9 20.52 44.92 16.97 29.15 32.02 12.21 28.79 41.62 47.17 18.0 33.0 7.21 16.49 5.1 52.8 13.89 42.38 31.83 43.19 3.0 44.28 20.02 17.46 3.61 23.09 22.47 28.46 12.04 23.35 13.0 17.69 12.65 23.19 18.44 32.02 41.98 12.04 10.05 33.38 31.02 6.0 17.69 49.65 24.02 33.14 15.56 13.45 23.77 13.6 41.0 50.22 33.84 25.5 10.05 29.55 39.4 0.0 37.01 25.0 18.03 40.45 5.0 41.04 19.31 25.0 35.17 18.11 38.05 25.96 18.03 6.4 25.0 16.4 7.28 31.3 22.8 45.88 11.18 20.81 16.16 15.0 13.45 40.5 41.11 29.7 27.29 4.0 
35.23 31.78 17.0 16.76 8.6 33.62 37.36 15.3 32.76 29.12 22.47 30.36 5.39 39.56 17.2 42.45 18.44 5.0 35.51 39.2 5.1 32.45 50.22 23.35 35.47 25.96 32.56 19.03 41.34 14.21 6.08 6.71 39.41 23.43 28.16 23.09 40.61 17.46 17.0 38.21 31.95 42.06 42.44 42.2 31.91 20.88 25.5 22.2 34.18 29.41 32.7 28.28 34.0 32.53 39.81 19.31 28.02 26.31 41.76 50.33 18.03 35.85 17.8 23.32 11.18 13.42 45.79 17.46 9.9 37.01 0.0 16.76 53.15 31.02 33.24 5.1 31.95 22.02 32.39 51.4 26.57 22.09 39.81 38.95 30.41 21.47 41.68 15.81 59.41 18.03 47.38 18.03 52.7 40.31 37.22 12.73 14.14 8.25 27.07 34.67 
19.85 15.13 5.1 15.56 16.28 24.02 20.62 16.4 25.06 24.35 24.33 19.1 21.21 22.85 19.92 36.35 23.85 13.04 19.8 39.45 19.72 25.5 34.66 11.4 21.1 21.93 19.92 28.3 25.5 17.46 15.03 23.41 27.89 20.1 26.42 19.24 28.46 2.0 3.16 38.59 25.5 25.3 26.87 36.5 16.28 4.12 22.83 10.0 23.35 14.42 25.18 15.0 18.68 19.31 23.32 24.7 28.6 13.45 35.23 37.12 1.41 19.85 16.12 25.32 21.59 4.12 34.93 23.32 15.0 25.0 16.76 0.0 38.42 20.62 20.25 21.84 15.23 24.04 18.87 36.07 16.64 24.76 34.93 29.15 14.0 15.23 31.4 23.26 45.49 20.88 33.62 15.62 41.11 24.21 21.26 15.65 16.16 14.32 11.4 24.19 
18.6 29.41 41.88 39.82 54.67 23.77 25.32 42.06 53.37 32.76 60.83 45.35 55.8 21.21 57.45 29.61 47.17 48.27 18.87 44.18 57.28 54.57 6.08 42.54 17.69 34.48 21.1 66.61 13.93 55.47 48.6 59.67 17.26 54.63 37.66 35.47 15.3 36.88 36.8 44.1 29.43 22.0 12.08 30.59 22.2 35.23 36.4 42.05 47.68 24.08 27.46 40.8 35.51 20.81 18.44 62.43 41.59 41.44 28.44 7.62 37.01 19.24 52.84 61.72 51.48 40.31 16.49 47.54 53.41 18.03 53.15 38.42 0.0 47.3 20.25 57.63 26.0 43.01 40.79 4.12 46.49 43.97 32.25 21.02 31.62 34.0 19.03 49.24 8.06 58.31 7.07 38.47 14.21 15.81 17.89 53.82 54.08 46.62 35.47 21.84 
31.0 18.11 16.28 36.12 24.33 41.76 22.14 36.77 6.08 44.29 18.79 2.0 36.4 26.25 19.24 55.03 43.93 30.02 30.02 59.91 30.59 7.28 41.76 9.22 34.06 42.19 35.69 29.12 33.54 20.0 32.76 35.9 43.42 11.7 46.87 39.66 43.19 22.2 23.6 59.08 44.78 26.4 35.51 55.36 28.07 19.24 43.27 10.63 3.16 28.44 44.01 7.07 12.08 34.53 28.86 23.09 49.2 7.62 53.76 49.16 20.81 29.07 15.0 19.24 39.96 24.04 50.25 43.28 22.36 40.45 31.02 20.62 47.3 0.0 35.51 35.44 22.02 44.6 6.71 43.68 4.47 45.28 54.23 46.1 16.03 35.51 47.68 42.8 55.32 19.42 45.18 36.24 55.0 31.58 30.15 20.1 19.03 33.02 13.15 41.23 
7.21 18.79 24.74 19.7 35.85 7.81 19.1 21.93 41.3 15.52 44.38 33.54 35.61 17.2 40.16 20.81 27.66 28.28 8.6 30.89 37.64 42.19 18.68 28.0 4.12 16.03 1.0 48.3 12.17 37.7 28.43 39.62 8.0 39.32 20.4 16.12 8.25 18.38 17.89 30.41 13.42 20.25 12.0 21.4 8.06 18.25 18.03 27.02 37.11 7.07 11.66 28.44 26.4 1.0 14.76 44.94 24.33 28.16 19.42 17.2 18.97 10.0 36.14 45.35 31.3 21.1 15.03 27.89 34.89 5.0 33.24 20.25 20.25 35.51 0.0 37.54 14.76 24.08 30.36 19.31 33.06 25.08 21.21 10.77 20.25 13.93 12.17 29.41 26.17 41.11 14.14 18.38 20.88 12.65 10.3 35.85 36.4 26.4 22.36 6.4 
39.96 36.88 22.02 19.72 11.66 37.2 42.45 17.89 36.67 31.78 24.76 34.93 3.0 44.6 19.85 44.94 19.03 9.43 40.31 40.01 5.66 36.24 54.92 28.16 40.0 28.64 36.8 18.97 46.14 17.2 9.22 2.24 43.28 26.93 30.08 25.94 44.6 22.47 21.93 39.01 34.89 47.13 47.17 44.6 36.72 25.96 27.86 27.07 38.6 34.13 35.85 33.14 39.01 36.88 44.78 20.81 29.27 31.14 44.38 54.45 23.09 40.71 21.47 25.5 11.0 18.38 49.41 18.03 13.42 41.04 5.1 21.84 57.63 35.44 37.54 0.0 37.0 23.35 37.22 56.04 31.05 23.19 42.06 42.44 35.51 25.0 45.22 16.0 63.66 20.52 51.66 21.1 56.4 45.18 42.06 16.12 17.49 11.4 32.14 38.42 
9.06 4.12 17.03 25.5 30.81 22.2 6.08 27.29 28.07 27.8 34.99 20.02 36.14 7.62 32.02 35.51 34.71 27.89 8.0 44.05 34.89 29.15 21.1 16.55 12.37 26.93 15.26 41.73 12.08 30.41 29.43 38.63 22.14 28.64 31.91 25.5 21.59 14.56 15.3 43.42 26.87 10.2 13.93 36.06 6.71 11.18 28.65 16.12 23.09 8.49 25.5 15.13 11.7 13.89 8.49 37.01 35.36 15.52 34.13 27.17 13.93 7.07 27.2 35.85 35.01 18.68 28.64 34.53 29.21 19.31 31.95 15.23 26.0 22.02 14.76 37.0 0.0 32.89 16.12 22.83 20.62 33.84 35.61 25.5 6.0 21.54 26.57 35.23 33.84 32.8 23.19 24.74 33.02 10.3 8.25 29.0 29.0 28.16 9.49 21.1 
30.07 35.34 28.43 8.49 29.61 19.31 38.9 8.06 48.6 10.82 43.01 43.14 20.4 38.83 37.64 22.47 5.0 18.44 31.14 17.26 27.0 48.83 42.58 35.38 28.02 8.54 23.09 41.05 36.0 34.48 16.12 25.5 26.0 41.59 7.21 8.0 27.86 22.67 21.26 16.28 14.42 41.98 36.06 21.95 28.44 26.4 6.71 33.97 47.38 25.5 16.12 38.95 41.34 24.02 37.34 40.79 6.0 37.48 22.2 37.58 24.08 32.25 36.25 43.97 12.65 20.62 30.23 5.83 30.08 25.0 22.02 24.04 43.01 44.6 24.08 23.35 32.89 0.0 42.64 42.95 40.46 1.0 19.24 23.32 35.36 11.4 26.08 8.06 46.96 38.6 36.06 8.6 37.2 36.06 33.14 32.57 33.84 14.32 34.41 21.19 
25.18 12.04 15.81 34.21 27.07 37.16 15.52 35.23 12.65 40.8 24.41 5.0 37.66 19.65 23.77 50.57 42.72 30.36 24.08 56.85 33.0 13.93 35.17 9.06 28.44 39.05 30.68 34.01 27.17 23.77 32.89 38.05 38.08 17.2 43.93 36.8 37.66 20.0 21.4 56.08 40.82 19.7 29.15 50.99 22.56 16.28 40.36 10.2 7.0 23.41 39.82 4.12 5.39 29.41 22.36 28.18 46.67 6.08 49.24 43.01 18.6 23.02 18.97 25.0 39.92 22.83 44.72 42.19 25.08 35.17 32.39 18.87 40.79 6.71 30.36 37.22 16.12 42.64 0.0 37.11 8.06 43.42 50.12 41.11 10.2 32.56 42.45 42.06 48.84 24.17 39.01 34.06 49.09 25.18 24.0 23.35 22.56 32.7 8.6 36.4 
16.28 26.0 39.2 39.0 52.35 24.08 21.59 41.23 49.73 33.14 57.8 41.76 54.38 17.46 54.64 31.62 46.84 46.62 16.28 45.71 55.32 50.96 2.0 39.36 16.12 34.53 20.25 64.03 10.82 52.8 47.17 58.01 18.03 51.43 38.12 35.17 16.03 34.66 34.71 45.54 30.02 18.03 9.22 32.57 19.8 32.65 36.5 38.95 43.93 22.02 28.02 37.34 31.78 19.7 14.87 59.64 42.11 38.08 30.36 10.63 34.66 16.4 49.93 58.67 50.57 38.29 18.79 47.13 50.99 18.11 51.4 36.07 4.12 43.68 19.31 56.04 22.83 42.95 37.11 0.0 43.08 43.93 33.96 22.2 28.23 33.24 20.62 48.7 12.0 55.47 8.54 37.7 17.69 12.53 15.0 51.22 51.4 45.28 32.2 22.09 
29.27 17.09 12.04 32.02 20.1 38.83 21.95 32.56 8.54 40.72 16.4 4.0 31.95 25.94 15.81 51.92 39.62 25.55 28.44 56.08 26.31 9.22 41.23 5.39 32.06 38.47 33.14 26.0 32.57 16.12 28.3 31.58 41.05 9.22 43.05 35.85 41.0 18.36 19.72 55.23 41.44 26.63 34.48 52.2 26.08 15.81 39.45 6.71 7.62 26.02 40.8 5.83 12.73 32.06 28.23 20.12 45.22 5.1 50.7 47.68 17.0 27.66 11.18 17.03 35.51 19.85 48.01 38.95 18.11 38.05 26.57 16.64 46.49 4.47 33.06 31.05 20.62 40.46 8.06 43.08 0.0 41.11 50.92 43.42 14.87 31.76 45.18 38.42 54.41 16.16 43.74 32.2 53.15 30.68 28.86 16.0 15.03 28.6 11.18 38.47 
31.06 36.25 29.07 9.22 29.83 20.25 39.85 8.6 49.2 11.66 43.32 43.84 20.22 39.81 37.95 23.02 4.47 18.68 32.14 17.12 27.02 49.41 43.57 36.07 29.02 9.49 24.08 41.11 37.0 34.79 16.28 25.32 26.93 42.06 7.81 9.0 28.79 23.43 22.02 16.12 15.26 42.95 37.05 22.47 29.43 27.2 7.62 34.66 48.08 26.48 17.0 39.7 42.19 25.02 38.33 41.0 6.08 38.21 22.8 38.48 24.84 33.24 36.67 44.27 12.37 21.26 31.06 5.39 30.36 25.96 22.09 24.76 43.97 45.28 25.08 23.19 33.84 1.0 43.42 43.93 41.11 0.0 19.72 24.19 36.24 12.37 26.93 7.62 47.85 38.9 37.0 9.43 38.01 37.05 34.13 32.89 34.18 14.56 35.23 22.14 
28.32 39.41 40.02 23.19 46.1 13.45 40.31 24.52 59.46 11.0 58.14 52.39 39.22 38.29 53.04 3.61 24.19 35.36 29.73 12.0 44.91 60.08 34.48 45.54 24.84 14.04 20.52 58.42 31.91 50.01 33.73 44.27 16.55 54.92 12.08 17.03 18.38 32.98 31.78 12.04 9.49 41.23 30.89 2.83 29.07 35.11 14.32 44.27 56.36 27.2 10.3 47.42 46.87 21.93 35.61 57.01 14.21 46.62 4.12 25.02 34.21 31.14 50.36 59.14 31.78 33.24 16.0 25.06 46.01 18.03 39.81 34.93 32.25 54.23 21.21 42.06 35.61 19.24 50.12 33.96 50.92 19.72 0.0 12.08 40.5 20.1 13.34 27.29 33.24 54.04 25.5 22.09 21.59 33.02 31.24 48.01 49.04 31.58 41.59 14.87 
17.2 29.55 34.06 22.8 43.32 5.39 29.41 24.84 51.79 12.53 53.46 44.15 40.0 26.91 48.84 10.63 28.02 34.0 18.6 23.54 43.83 52.61 22.56 38.21 13.6 15.0 10.44 55.97 20.0 46.1 33.29 44.65 4.47 49.01 17.09 16.97 6.32 27.17 26.31 23.35 8.94 29.7 18.87 11.4 18.79 28.02 16.64 37.12 47.8 17.72 7.21 39.05 37.16 11.7 24.04 53.37 20.88 38.64 9.22 14.56 28.07 20.0 45.28 54.45 33.94 28.86 7.07 28.6 42.72 6.4 38.95 29.15 21.02 46.1 10.77 42.44 25.5 23.32 41.11 22.2 43.42 24.19 12.08 0.0 31.02 17.49 2.83 30.61 23.77 49.82 14.0 21.4 14.14 21.26 19.85 44.15 44.91 31.06 32.98 5.0 
15.03 2.24 13.93 27.31 27.73 27.29 7.81 28.79 22.09 31.83 30.0 14.04 35.13 11.4 27.59 40.71 36.4 27.02 14.0 48.08 32.57 23.19 26.4 11.4 18.25 30.48 20.62 37.64 17.72 26.4 29.02 36.88 27.89 23.32 35.47 28.6 27.46 14.14 15.3 47.38 31.4 12.81 19.65 41.18 12.37 10.05 32.02 11.31 17.12 13.42 30.23 9.22 6.4 19.31 13.42 32.53 38.6 9.85 39.36 33.14 13.04 13.04 22.63 30.81 35.36 18.03 34.53 36.06 25.94 25.0 30.41 14.0 31.62 16.03 20.25 35.51 6.0 35.36 10.2 28.23 14.87 36.24 40.5 31.02 0.0 24.41 32.28 36.4 39.56 28.28 29.15 26.83 39.01 15.81 14.14 25.24 25.0 28.16 4.24 26.4 
19.03 24.19 20.25 5.83 26.48 12.21 27.51 8.06 40.25 9.22 38.05 33.84 22.67 27.46 33.0 22.02 14.04 16.55 20.0 24.41 26.4 40.72 32.57 26.42 17.46 6.71 13.0 39.05 25.18 30.02 15.81 27.2 18.38 34.93 11.4 4.24 19.85 13.42 12.08 23.6 11.05 30.59 25.5 22.0 17.12 16.4 7.81 25.06 38.01 14.14 11.4 29.21 30.61 13.6 26.08 37.12 14.21 28.02 21.1 29.83 14.76 21.02 30.27 39.05 17.49 13.15 24.41 14.14 26.17 16.4 21.47 15.23 34.0 35.51 13.93 25.0 21.54 11.4 32.56 33.24 31.76 12.37 20.1 17.49 24.41 0.0 20.25 15.52 39.2 34.0 27.46 4.47 31.4 25.02 22.0 28.02 29.0 13.6 24.04 13.45 
17.89 30.68 36.22 25.61 45.88 8.06 30.02 27.66 53.46 15.26 55.73 45.71 42.8 27.2 51.2 11.18 30.81 36.72 19.24 25.18 46.53 54.33 21.19 40.05 14.32 17.8 12.04 58.52 19.8 48.51 36.06 47.43 4.47 51.09 19.7 19.8 5.66 29.43 28.64 25.08 11.66 29.83 18.44 12.08 19.92 30.02 19.42 39.01 49.24 19.24 10.0 40.61 38.28 13.15 24.21 55.79 23.41 40.31 9.85 12.17 30.27 20.59 47.52 56.72 36.77 31.32 4.24 31.4 45.22 7.28 41.68 31.4 19.03 47.68 12.17 45.22 26.57 26.08 42.45 20.62 45.18 26.93 13.34 2.83 32.28 20.25 0.0 33.42 21.19 52.17 12.17 24.21 11.31 21.26 20.25 46.57 47.3 33.84 34.53 7.28 
34.37 36.88 26.63 10.05 24.17 26.08 41.3 8.0 45.97 18.38 38.01 41.62 13.0 42.01 32.65 30.53 3.16 13.6 35.23 24.02 20.4 45.97 48.08 33.84 32.98 15.62 28.46 34.53 40.61 29.53 10.82 18.03 32.76 37.8 15.26 13.89 34.48 22.47 21.19 23.02 21.93 45.04 41.0 30.02 32.06 26.57 14.14 32.45 45.8 29.07 23.43 38.08 41.79 29.12 41.05 35.11 13.6 36.36 30.23 44.42 23.77 36.12 32.2 38.91 5.0 19.24 37.64 2.24 25.06 31.3 15.81 23.26 49.24 42.8 29.41 16.0 35.23 8.06 42.06 48.7 38.42 7.62 27.29 30.61 36.4 15.52 33.42 0.0 53.85 33.54 42.49 11.18 44.69 40.31 37.22 27.78 29.15 9.9 34.54 27.78 
25.94 37.36 49.24 45.0 61.61 27.78 33.38 47.2 61.39 36.25 68.45 53.37 61.62 29.27 64.88 30.07 51.48 54.45 26.4 45.18 63.78 62.59 14.0 50.33 24.41 38.47 26.87 73.78 21.84 62.77 54.49 65.76 21.1 62.39 40.85 39.96 19.42 43.83 43.6 45.28 32.7 30.02 19.92 31.06 29.53 42.54 40.25 49.77 55.73 31.06 30.87 48.76 43.57 26.91 26.48 69.84 44.6 49.34 29.15 9.43 44.1 26.93 60.37 69.35 56.61 47.01 17.46 51.97 60.46 22.8 59.41 45.49 8.06 55.32 26.17 63.66 33.84 46.96 48.84 12.0 54.41 47.85 33.24 23.77 39.56 39.2 21.19 53.85 0.0 65.76 12.04 43.6 12.04 23.77 25.63 61.06 61.4 52.4 43.32 26.08 
39.82 30.41 16.55 31.4 9.43 44.55 36.07 30.81 18.11 43.05 4.47 19.92 22.67 39.62 1.0 56.01 35.85 20.25 39.45 55.79 14.87 17.26 53.82 17.03 41.63 40.11 40.8 9.85 44.65 4.12 22.85 20.0 48.76 8.0 43.57 37.12 49.34 22.8 23.54 54.82 45.01 41.04 46.32 56.0 36.24 23.26 40.31 16.97 22.2 34.93 45.1 21.1 28.3 40.16 41.23 4.24 44.38 19.42 55.04 57.78 22.14 39.12 5.66 5.39 29.15 21.1 55.79 34.93 8.54 45.88 18.03 20.88 58.31 19.42 41.11 20.52 32.8 38.6 24.17 55.47 16.16 38.9 54.04 49.82 28.28 34.0 52.17 33.54 65.76 0.0 54.13 32.25 61.98 43.01 40.5 6.08 5.0 24.35 24.04 44.91 
14.56 27.07 37.58 33.29 49.65 16.76 24.19 35.51 51.24 25.71 57.01 43.19 49.68 20.4 53.23 23.09 40.31 42.43 15.3 37.34 51.74 52.35 9.43 39.29 12.53 27.51 14.87 61.91 12.17 51.0 42.52 53.76 10.2 51.24 30.59 28.64 8.25 31.91 31.62 37.22 22.36 22.14 10.2 24.04 18.03 30.87 29.41 38.6 46.01 19.24 20.4 38.33 34.01 14.87 17.26 58.14 34.53 38.64 21.84 4.0 32.25 16.12 48.85 57.94 44.94 35.0 10.3 40.72 48.55 11.18 47.38 33.62 7.07 45.18 14.14 51.66 23.19 36.06 39.01 8.54 43.74 37.0 25.5 14.0 29.15 27.46 12.17 42.49 12.04 54.13 0.0 31.91 10.77 14.14 15.03 49.24 49.65 40.46 32.56 14.87 
23.19 26.93 20.25 1.41 24.02 16.28 30.81 3.61 40.5 11.18 36.5 34.71 18.6 31.14 31.26 24.52 10.05 13.34 24.08 24.17 23.09 40.82 37.0 27.02 21.84 8.06 17.46 36.35 29.43 28.16 12.08 23.32 22.67 34.18 11.4 5.1 24.21 14.14 12.73 23.26 13.93 34.23 29.83 24.33 21.0 17.8 8.06 25.61 38.95 18.0 14.76 30.41 32.76 18.03 30.0 35.01 13.04 29.0 23.77 34.21 15.56 25.02 29.12 37.48 13.04 12.53 28.43 10.0 24.02 20.81 18.03 15.62 38.47 36.24 18.38 21.1 24.74 8.6 34.06 37.7 32.2 9.43 22.09 21.4 26.83 4.47 24.21 11.18 43.6 32.25 31.91 0.0 35.47 29.15 26.08 26.17 27.29 9.85 25.81 17.69 
24.0 37.05 45.61 36.88 56.36 19.21 34.71 38.95 61.01 26.4 65.25 53.0 54.04 31.05 61.03 18.25 42.01 47.71 25.02 33.38 57.45 62.03 19.21 48.37 21.1 29.07 21.19 68.94 22.8 58.52 47.2 58.6 13.42 60.02 30.53 31.11 12.65 39.22 38.63 33.54 22.8 32.89 20.88 19.24 27.07 39.05 30.61 47.52 56.08 27.46 21.26 48.01 44.28 21.84 27.89 65.79 34.0 48.09 17.46 7.21 39.85 26.08 57.01 66.22 48.08 41.63 7.07 42.64 55.54 16.16 52.7 41.11 14.21 55.0 20.88 56.4 33.02 37.2 49.09 17.69 53.15 38.01 21.59 14.14 39.01 31.4 11.31 44.69 12.04 61.98 10.77 35.47 0.0 24.74 25.18 56.65 57.25 45.0 42.05 18.03 
6.0 13.6 26.91 30.27 40.36 20.12 10.05 32.39 37.66 28.16 45.28 29.61 43.86 6.32 42.2 31.89 39.05 35.78 5.1 43.38 43.83 38.83 10.82 26.83 8.54 28.44 13.6 51.74 2.0 40.46 36.77 47.01 16.97 38.91 32.98 28.07 15.62 23.02 23.32 42.95 26.0 8.6 4.0 32.65 8.54 20.52 30.41 26.42 32.14 11.4 24.17 25.0 20.02 12.37 3.16 47.2 36.88 25.63 30.48 18.11 22.8 4.47 37.44 46.14 41.23 26.93 21.95 39.12 38.9 15.0 40.31 24.21 15.81 31.58 12.65 45.18 10.3 36.06 25.18 12.53 30.68 37.05 33.02 21.26 15.81 25.02 21.26 40.31 23.77 43.01 14.14 29.15 24.74 0.0 3.16 38.95 39.05 35.11 19.7 18.36 
3.16 12.04 24.21 27.17 37.48 18.03 9.85 29.27 36.22 25.63 42.94 28.16 40.72 7.07 39.66 30.41 36.01 32.65 2.0 41.18 40.8 37.34 13.45 24.7 6.4 25.71 11.18 49.04 4.24 37.8 33.62 43.91 15.81 36.77 30.36 25.18 14.76 20.0 20.25 40.71 23.71 10.0 5.83 31.11 5.39 17.69 27.66 24.17 31.0 8.25 21.95 23.35 19.1 9.85 4.47 44.65 34.21 23.77 29.0 19.03 19.85 1.41 34.99 43.83 38.08 23.85 21.54 36.06 36.07 13.45 37.22 21.26 17.89 30.15 10.3 42.06 8.25 33.14 24.0 15.0 28.86 34.13 31.24 19.85 14.14 22.0 20.25 37.22 25.63 40.5 15.03 26.08 25.18 3.16 0.0 36.24 36.4 31.95 17.72 16.4 
35.23 27.2 12.04 25.32 4.47 38.83 33.02 24.74 20.62 37.01 10.44 20.0 17.8 36.24 5.1 50.04 29.97 14.32 35.0 49.73 10.77 20.12 49.68 14.87 36.72 34.06 35.47 12.81 40.46 2.0 17.0 16.16 43.32 10.82 37.48 31.06 44.01 17.46 18.03 48.76 39.05 38.01 42.01 50.01 31.62 18.6 34.23 14.32 23.19 30.02 39.2 19.65 26.57 34.93 37.48 9.22 38.33 17.72 49.09 52.77 17.0 34.83 5.39 11.4 23.6 15.3 50.29 29.07 2.83 40.5 12.73 15.65 53.82 20.1 35.85 16.12 29.0 32.57 23.35 51.22 16.0 32.89 48.01 44.15 25.24 28.02 46.57 27.78 61.06 6.08 49.24 26.17 56.65 38.95 36.24 0.0 1.41 18.38 21.1 39.29 
35.51 27.02 12.21 26.48 5.83 39.62 32.8 25.96 19.31 38.05 9.22 19.03 19.21 36.12 4.0 51.01 31.3 15.65 35.23 50.96 12.08 18.79 49.82 14.32 37.12 35.13 36.06 12.73 40.61 1.41 18.36 17.46 43.97 9.43 38.64 32.14 44.6 18.03 18.68 50.0 40.01 37.8 42.2 51.0 31.91 18.87 35.36 13.89 22.09 30.41 40.11 18.97 26.0 35.47 37.48 8.54 39.56 17.09 50.04 53.23 17.46 35.0 4.12 10.2 25.0 16.12 50.96 30.41 4.24 41.11 14.14 16.16 54.08 19.03 36.4 17.49 29.0 33.84 22.56 51.4 15.03 34.18 49.04 44.91 25.0 29.0 47.3 29.15 61.4 5.0 49.65 27.29 57.25 39.05 36.4 1.41 0.0 19.7 20.81 40.02 
29.55 29.02 17.0 8.54 15.3 25.81 34.06 7.07 36.07 20.88 28.79 31.91 9.22 35.51 23.41 34.21 11.66 4.12 30.08 31.58 13.34 36.07 44.29 24.19 29.15 17.72 25.61 27.02 35.85 20.25 2.24 13.6 31.89 28.02 20.02 14.87 33.24 14.04 13.0 30.59 23.77 38.33 36.67 33.96 26.57 18.11 17.26 22.83 36.06 23.77 24.6 28.64 32.98 25.81 35.17 26.48 20.22 26.83 33.53 43.14 15.13 30.68 22.47 29.73 7.28 10.2 38.01 10.82 15.81 29.7 8.25 14.32 46.62 33.02 26.4 11.4 28.16 14.32 32.7 45.28 28.6 14.56 31.58 31.06 28.16 13.6 33.84 9.9 52.4 24.35 40.46 9.85 45.0 35.11 31.95 18.38 19.7 0.0 25.71 27.02 
18.11 6.4 10.2 26.08 23.77 28.79 12.04 27.29 19.03 32.2 25.81 11.18 32.0 15.62 23.35 42.15 34.89 24.08 17.26 48.27 28.86 20.0 30.41 7.21 21.0 30.48 22.56 33.42 21.54 22.2 26.31 33.38 30.27 19.24 35.38 28.28 30.07 12.08 13.42 47.51 32.25 17.03 23.41 42.54 15.0 8.06 31.83 7.07 14.87 15.3 31.3 6.08 7.28 21.38 17.49 28.28 38.21 6.08 40.85 36.5 10.77 16.49 18.38 26.63 32.98 15.52 37.12 34.44 21.93 27.29 27.07 11.4 35.47 13.15 22.36 32.14 9.49 34.41 8.6 32.2 11.18 35.23 41.59 32.98 4.24 24.04 34.53 34.54 43.32 24.04 32.56 25.81 42.05 19.7 17.72 21.1 20.81 25.71 0.0 28.16 
13.45 25.06 29.07 19.1 38.63 2.0 25.5 21.26 46.87 11.05 48.51 39.29 36.12 23.43 43.93 14.42 25.5 29.68 14.87 25.08 39.45 47.68 22.0 33.24 10.0 12.65 5.83 51.26 17.46 41.23 29.21 40.61 5.0 44.01 16.03 13.89 6.71 22.2 21.38 24.7 8.06 26.4 16.76 15.0 14.42 23.02 14.56 32.14 43.01 13.0 6.08 34.21 32.65 7.21 20.81 48.51 20.02 33.73 13.04 16.64 23.09 16.28 40.31 49.5 30.61 24.04 11.18 25.94 37.95 4.0 34.67 24.19 21.84 41.23 6.4 38.42 21.1 21.19 36.4 22.09 38.47 22.14 14.87 5.0 26.4 13.45 7.28 27.78 26.08 44.91 14.87 17.69 18.03 18.36 16.4 39.29 40.02 27.02 28.16 0.0 
