189
107
43 21
104 51
18 20
32 91
104 53
4 1
63 77
36 100
140 64
77 58
103 26
87 69
71 72
70 86
159 86
82 80
88 15
13 27
85 61
91 70
117 7
63 7
45 22
77 25
118 34
25 36
145 87
102 50
122 5
119 40
136 57
164 65
63 27
21 21
142 20
34 7
36 69
86 97
47 63
27 79
2 96
161 75
110 1
91 84
106 88
132 64
79 80
109 57
81 88
173 35
115 25
77 33
174 104
180 26
135 15
111 86
142 77
33 73
108 5
89 23
48 8
163 46
61 74
111 78
149 96
17 31
158 69
147 29
162 39
83 0
25 56
182 84
176 107
144 6
109 82
83 54
29 25
109 33
155 81
89 88
181 4
139 22
187 15
15 92
53 86
134 15
149 56
97 86
9 17
156 74
141 17
173 89
139 5
153 6
157 51
54 18
60 81
174 36
171 91
67 75
88 19
160 54
119 34
127 48
57 85
177 46
147 68
123 71
60 91
105 36
82 101
83 82
52 68
169 54
151 16
137 59
55 14
119 49
177 9
165 44
92 5
89 56
168 6
168 18
80 36
37 14
119 100
142 93
53 71
31 37
29 99
43 95
113 65
89 28
43 106
64 57
101 7
65 49
109 102
124 63
8 97
83 87
185 23
45 86
140 81
57 72
139 8
66 17
20 0
159 58
