32
92
19 53
16 61
0 92
19 28
23 39
18 72
32 47
18 89
5 45
2 38
0 72
0 6
27 31
3 73
26 4
5 22
21 7
20 41
24 28
23 44
1 66
11 50
23 87
14 5
21 2
10 46
19 15
22 23
31 36
8 47
25 21
24 78
10 85
2 78
19 35
31 90
15 27
27 80
25 19
25 58
5 10
18 4
16 12
15 23
0 62
11 56
0 56
31 91
2 87
0 30
18 27
16 34
0 29
11 43
21 89
4 57
13 82
29 62
16 28
26 53
20 69
28 88
7 60
23 82
15 57
20 90
14 77
5 86
8 54
32 20
5 47
9 84
0 20
4 0
4 46
8 55
10 70
13 12
2 19
26 2
25 15
16 66
2 76
23 40
17 9
7 87
3 87
29 1
23 5
17 56
11 68
3 17
31 83
19 12
2 73
17 53
9 44
31 10
9 10
13 75
