50
0.0 34.01 40.61 19.03 3.61 4.47 16.97 46.24 20.02 8.06 53.81 21.63 30.08 51.62 7.21 27.51 43.27 46.87 29.68 47.01 41.76 26.91 31.06 4.0 35.36 19.72 22.47 10.77 21.02 41.59 39.92 24.6 43.42 13.15 28.32 34.89 46.82 29.15 31.3 14.21 36.25 51.48 17.0 24.33 42.44 44.38 33.12 16.03 39.01 19.24 
34.01 0.0 49.09 15.0 36.22 36.12 24.6 47.17 39.82 26.08 41.05 19.42 35.47 51.24 28.16 35.36 23.09 27.46 30.0 30.15 12.53 26.4 31.91 34.13 6.08 19.24 32.8 31.32 17.0 40.85 14.32 15.62 20.4 38.63 22.2 17.26 48.47 43.14 14.32 26.93 38.95 46.87 37.58 39.05 25.02 49.65 34.99 18.11 5.0 15.13 
40.61 49.09 0.0 42.72 38.08 44.91 52.24 10.44 60.53 39.01 29.0 53.15 68.12 14.42 44.01 66.03 70.26 34.93 65.62 31.95 61.59 22.83 17.2 44.55 44.82 50.99 61.01 50.09 50.45 12.37 62.65 53.16 68.43 28.46 60.64 33.94 9.85 11.7 57.94 51.04 10.63 18.68 57.43 16.28 32.25 5.0 14.21 40.02 52.01 44.64 
19.03 15.0 42.72 0.0 21.38 21.21 13.04 44.05 27.59 11.18 44.38 11.05 28.16 49.0 13.34 26.93 28.6 33.6 24.19 34.99 23.71 21.02 27.07 19.24 17.09 9.22 22.83 17.49 8.0 38.0 22.8 10.44 27.59 25.24 18.11 20.81 45.1 34.0 15.81 14.14 34.23 46.39 24.84 29.15 29.68 44.72 30.15 3.61 20.0 2.0 
3.61 36.22 38.08 21.38 0.0 7.0 20.52 44.28 23.02 10.2 53.04 25.0 33.62 49.66 10.63 31.02 46.62 47.01 33.29 46.87 44.6 26.25 29.83 7.28 37.05 23.02 26.0 14.32 24.19 39.96 42.95 27.78 46.65 10.0 31.83 35.47 44.78 26.48 34.48 17.8 34.48 49.93 20.1 21.84 42.54 42.06 31.62 18.11 41.19 21.84 
4.47 36.12 44.91 21.21 7.0 0.0 16.12 50.7 16.03 11.18 58.14 21.54 27.29 56.08 8.0 24.6 42.94 50.8 27.66 51.09 42.76 31.24 35.51 2.0 38.08 19.92 19.72 8.49 21.59 46.07 40.52 25.0 43.46 17.0 27.46 38.59 51.26 33.38 31.62 13.04 40.72 55.95 13.15 28.64 46.4 48.76 37.59 18.68 41.11 21.02 
16.97 24.6 52.24 13.04 20.52 16.12 0.0 55.23 15.26 13.6 57.27 6.0 16.03 60.41 10.0 14.32 26.83 46.62 13.6 48.02 28.0 32.56 38.33 14.42 28.6 5.39 9.85 8.25 7.62 49.5 25.18 10.05 27.51 28.65 11.4 33.84 56.14 41.98 16.12 3.16 45.1 58.46 13.0 36.88 42.72 55.01 41.19 13.6 29.15 11.4 
46.24 47.17 10.44 44.05 44.28 50.7 55.23 0.0 65.52 42.95 19.24 55.01 71.25 5.39 48.27 69.46 69.64 27.8 68.01 24.41 59.62 23.02 17.0 49.98 42.05 53.0 64.63 54.57 52.04 6.32 61.35 54.23 67.36 35.51 62.13 30.41 1.41 19.8 58.05 54.59 10.2 8.25 62.36 23.02 26.17 6.0 14.04 42.01 49.19 46.04 
20.02 39.82 60.53 27.59 23.02 16.03 15.26 65.52 0.0 22.85 70.49 20.62 14.42 70.88 17.46 11.66 37.22 60.96 17.72 62.01 41.77 44.28 49.4 16.03 43.83 20.59 9.06 11.18 22.83 60.41 38.33 24.7 39.01 33.02 22.02 48.17 66.22 49.16 29.61 13.45 55.36 70.01 3.16 44.28 56.85 64.13 51.87 27.02 44.28 26.25 
8.06 26.08 39.01 11.18 10.2 11.18 13.6 42.95 22.85 0.0 48.01 16.4 29.15 48.27 5.39 27.02 37.54 39.82 27.2 40.31 34.54 21.47 26.57 9.43 27.29 14.21 22.0 11.7 14.87 37.64 33.12 18.44 37.2 15.62 23.85 27.46 43.74 28.44 25.0 12.04 32.76 47.17 19.7 23.35 35.47 42.11 29.12 8.0 31.06 11.7 
53.81 41.05 29.0 44.38 53.04 58.14 57.27 19.24 70.49 48.01 0.0 55.03 72.45 18.79 53.25 71.31 64.0 14.32 68.01 11.05 52.15 26.91 23.6 56.85 35.01 53.49 67.12 59.36 51.87 17.26 55.01 52.89 61.03 46.62 60.88 24.52 20.4 34.79 54.59 57.71 22.14 12.08 67.42 35.78 16.03 25.18 22.83 43.83 41.11 46.24 
21.63 19.42 53.15 11.05 25.0 21.54 6.0 55.01 20.62 16.4 55.03 0.0 17.46 60.01 14.42 16.64 21.63 43.42 13.15 45.19 22.0 32.0 38.01 19.7 24.04 2.24 13.45 14.14 3.16 49.01 19.24 4.12 21.93 32.02 7.62 30.87 56.04 43.66 10.2 9.06 45.1 57.43 18.68 38.63 39.81 55.44 41.05 13.15 23.71 9.06 
30.08 35.47 68.12 28.16 33.62 27.29 16.03 71.25 14.42 29.15 72.45 17.46 0.0 76.42 24.52 2.83 25.32 60.83 5.83 62.65 33.12 48.51 54.33 26.4 40.8 18.97 7.62 19.31 20.62 65.49 29.07 20.25 27.89 43.01 13.45 48.33 72.17 57.56 22.02 17.12 61.13 74.33 15.56 52.47 57.27 71.0 57.22 29.43 38.9 26.25 
51.62 51.24 14.42 49.0 49.66 56.08 60.41 5.39 70.88 48.27 18.79 60.01 76.42 0.0 53.6 74.67 73.98 29.73 73.06 26.17 63.57 28.02 22.09 55.36 45.88 58.03 69.87 59.91 57.0 11.0 65.52 59.08 71.57 40.82 67.03 34.18 5.0 24.84 62.65 59.84 15.52 6.71 67.72 28.3 28.84 9.43 19.24 47.1 52.92 51.0 
7.21 28.16 44.01 13.34 10.63 8.0 10.0 48.27 17.46 5.39 53.25 14.42 24.52 53.6 0.0 22.2 36.06 44.6 23.26 45.28 34.93 26.83 31.95 6.0 30.36 12.53 17.12 6.32 13.93 43.01 32.89 17.46 36.24 18.79 21.21 32.02 49.03 33.14 24.17 7.62 38.08 52.55 14.32 28.07 40.31 47.27 34.48 11.18 33.14 13.04 
27.51 35.36 66.03 26.93 31.02 24.6 14.32 69.46 11.66 27.02 71.31 16.64 2.83 74.67 22.2 0.0 27.07 60.03 7.07 61.72 34.01 46.87 52.61 23.77 40.46 17.89 5.1 16.76 19.72 63.79 30.08 19.85 29.43 40.52 13.89 47.41 70.35 55.33 22.47 15.0 59.3 72.78 12.73 50.25 56.36 69.03 55.44 27.89 39.05 25.08 
43.27 23.09 70.26 28.6 46.62 42.94 26.83 69.64 37.22 37.54 64.0 21.63 25.32 73.98 36.06 27.07 0.0 50.09 20.02 53.01 12.65 47.54 53.49 41.18 29.02 23.6 28.16 34.93 22.67 63.32 9.06 19.1 3.61 53.04 15.81 40.31 70.88 62.43 12.81 29.97 60.75 69.87 36.67 57.69 48.01 71.51 56.65 32.02 23.19 27.02 
46.87 27.46 34.93 33.6 47.01 50.8 46.62 27.8 60.96 39.82 14.32 43.42 60.83 29.73 44.6 60.03 50.09 0.0 55.95 3.61 38.01 21.84 22.0 49.2 21.38 42.19 56.3 50.21 40.31 22.83 41.05 40.72 47.01 43.01 48.47 12.81 29.21 36.12 41.48 47.63 25.0 23.6 58.05 35.06 4.47 32.76 23.19 33.97 27.0 35.23 
29.68 30.0 65.62 24.19 33.29 27.66 13.6 68.01 17.72 27.2 68.01 13.15 5.83 73.06 23.26 7.07 20.02 55.95 0.0 57.94 27.29 45.04 51.01 26.4 35.51 15.03 8.94 19.21 16.28 62.07 23.26 15.23 22.36 42.05 7.81 43.66 69.0 55.54 16.28 15.65 58.01 70.58 17.89 50.45 52.55 68.18 54.0 26.0 33.24 22.2 
47.01 30.15 31.95 34.99 46.87 51.09 48.02 24.41 62.01 40.31 11.05 45.19 62.65 26.17 45.28 61.72 53.01 3.61 57.94 0.0 41.11 21.02 20.22 49.58 24.08 43.83 57.8 51.09 42.05 19.7 44.0 42.72 50.01 42.15 50.6 14.32 25.81 34.0 43.93 48.83 22.36 20.0 59.03 33.38 5.39 29.53 21.0 35.0 30.07 36.72 
41.76 12.53 61.59 23.71 44.6 42.76 28.0 59.62 41.77 34.54 52.15 22.0 33.12 63.57 34.93 34.01 12.65 38.01 27.29 41.11 0.0 38.83 44.42 40.79 17.72 23.09 33.24 36.06 21.21 53.31 4.24 18.03 9.22 48.88 20.25 29.41 60.93 55.23 12.17 31.02 51.48 58.94 40.31 50.91 36.35 62.18 47.51 27.29 11.05 22.85 
26.91 26.4 22.83 21.02 26.25 31.24 32.56 23.02 44.28 21.47 26.91 32.0 48.51 28.02 26.83 46.87 47.54 21.84 45.04 21.02 38.83 0.0 6.08 30.0 22.67 30.02 42.2 33.11 29.02 17.03 39.82 31.26 45.62 21.19 39.12 13.6 24.08 17.49 35.44 32.28 13.34 25.96 41.15 14.56 17.46 24.04 9.22 19.1 29.7 23.02 
31.06 31.91 17.2 27.07 29.83 35.51 38.33 17.0 49.4 26.57 23.6 38.01 54.33 22.09 31.95 52.61 53.49 22.0 51.01 20.22 44.42 6.08 0.0 34.48 27.66 36.0 47.85 38.28 35.06 11.18 45.62 37.34 51.48 23.02 45.18 17.2 18.03 14.32 41.48 37.85 7.28 20.62 46.24 13.15 18.11 18.03 3.16 25.02 34.83 29.07 
4.0 34.13 44.55 19.24 7.28 2.0 14.42 49.98 16.03 9.43 56.85 19.7 26.4 55.36 6.0 23.77 41.18 49.2 26.4 49.58 40.79 30.0 34.48 0.0 36.14 18.03 18.79 7.21 19.65 45.19 38.6 23.09 41.63 17.12 25.81 36.89 50.6 33.14 29.73 11.4 39.92 55.01 13.0 28.28 44.82 48.27 36.67 16.76 39.12 19.03 
35.36 6.08 44.82 17.09 37.05 38.08 28.6 42.05 43.83 27.29 35.01 24.04 40.8 45.88 30.36 40.46 29.02 21.38 35.51 24.08 17.72 22.67 27.66 36.14 0.0 23.43 37.48 34.44 21.26 35.78 20.1 20.62 26.17 37.85 27.78 11.7 43.38 40.0 20.25 30.53 34.41 41.23 41.34 36.36 19.0 44.94 30.61 19.42 7.21 17.89 
19.72 19.24 50.99 9.22 23.02 19.92 5.39 53.0 20.59 14.21 53.49 2.24 18.97 58.03 12.53 17.89 23.6 42.19 15.03 43.83 23.09 30.02 36.0 18.03 23.43 0.0 14.21 13.0 2.24 47.04 20.62 5.1 23.71 29.83 9.85 29.53 54.01 41.44 11.7 8.06 43.05 55.58 18.38 36.4 38.47 53.34 39.01 11.05 23.77 7.28 
22.47 32.8 61.01 22.83 26.0 19.72 9.85 64.63 9.06 22.0 67.12 13.45 7.62 69.87 17.12 5.1 28.16 56.3 8.94 57.8 33.24 42.2 47.85 18.79 37.48 14.21 0.0 11.7 16.28 59.03 29.61 17.2 30.0 35.44 13.15 43.57 65.49 50.25 21.19 10.05 54.45 68.15 8.94 45.18 52.48 64.07 50.64 23.41 36.89 21.1 
10.77 31.32 50.09 17.49 14.32 8.49 8.25 54.57 11.18 11.7 59.36 14.14 19.31 59.91 6.32 16.76 34.93 50.21 19.21 51.09 36.06 33.11 38.28 7.21 34.44 13.0 11.7 0.0 15.03 49.34 33.38 18.03 35.74 23.77 19.24 37.48 55.32 39.01 24.33 5.1 44.38 58.87 8.06 34.0 46.01 53.46 40.8 16.28 36.14 16.55 
21.02 17.0 50.45 8.0 24.19 21.59 7.62 52.04 22.83 14.87 51.87 3.16 20.62 57.0 13.93 19.72 22.67 40.31 16.28 42.05 21.21 29.02 35.06 19.65 21.26 2.24 16.28 15.03 0.0 46.0 18.97 3.61 22.47 30.41 10.2 27.73 53.08 41.23 10.3 10.2 42.19 54.33 20.62 36.25 36.67 52.61 38.12 10.44 21.54 6.0 
41.59 40.85 12.37 38.0 39.96 46.07 49.5 6.32 60.41 37.64 17.26 49.01 65.49 11.0 43.01 63.79 63.32 22.83 62.07 19.7 53.31 17.03 11.18 45.19 35.78 47.04 59.03 49.34 46.0 0.0 55.03 48.09 61.03 31.89 56.04 24.19 7.62 17.89 51.79 49.03 5.66 10.0 57.25 19.85 20.62 10.0 8.54 36.12 42.94 40.0 
39.92 14.32 62.65 22.8 42.95 40.52 25.18 61.35 38.33 33.12 55.01 19.24 29.07 65.52 32.89 30.08 9.06 41.05 23.26 44.0 4.24 39.82 45.62 38.6 20.1 20.62 29.61 33.38 18.97 55.03 0.0 15.52 6.08 48.01 16.49 31.58 62.63 55.61 9.06 28.28 52.8 61.19 37.05 51.09 39.05 63.56 48.75 26.4 14.14 21.63 
24.6 15.62 53.16 10.44 27.78 25.0 10.05 54.23 24.7 18.44 52.89 4.12 20.25 59.08 17.46 19.85 19.1 40.72 15.23 42.72 18.03 31.26 37.34 23.09 20.62 5.1 17.2 18.03 3.61 48.09 15.52 0.0 18.87 33.94 8.06 28.46 55.33 44.28 6.71 13.0 44.55 56.08 22.8 39.36 37.34 55.11 40.45 13.42 19.72 8.54 
43.42 20.4 68.43 27.59 46.65 43.46 27.51 67.36 39.01 37.2 61.03 21.93 27.89 71.57 36.24 29.43 3.61 47.01 22.36 50.01 9.22 45.62 51.48 41.63 26.17 23.71 30.0 35.74 22.47 61.03 6.08 18.87 0.0 52.5 17.12 37.66 68.62 61.03 12.21 30.68 58.69 67.27 38.21 56.4 45.1 69.46 54.63 31.11 20.02 26.17 
13.15 38.63 28.46 25.24 10.0 17.0 28.65 35.51 33.02 15.62 46.62 32.02 43.01 40.82 18.79 40.52 53.04 43.01 42.05 42.15 48.88 21.19 23.02 17.12 37.85 29.83 35.44 23.77 30.41 31.89 48.01 33.94 52.5 0.0 39.41 33.14 35.85 16.76 40.36 26.4 26.25 41.87 30.07 12.53 38.6 32.7 24.08 21.63 43.32 26.4 
28.32 22.2 60.64 18.11 31.83 27.46 11.4 62.13 22.02 23.85 60.88 7.62 13.45 67.03 21.21 13.89 15.81 48.47 7.81 50.6 20.25 39.12 45.18 25.81 27.78 9.85 13.15 19.24 10.2 56.04 16.49 8.06 17.12 39.41 0.0 36.4 63.2 51.26 8.6 14.42 52.35 64.12 21.1 46.24 45.22 62.8 48.26 20.62 25.46 16.12 
34.89 17.26 33.94 20.81 35.47 38.59 33.84 30.41 48.17 27.46 24.52 30.87 48.33 34.18 32.02 47.41 40.31 12.81 43.66 14.32 29.41 13.6 17.2 36.89 11.7 29.53 43.57 37.48 27.73 24.19 31.58 28.46 37.66 33.14 36.4 0.0 31.76 30.87 30.15 34.83 23.35 29.61 45.28 28.16 8.94 33.6 19.85 21.21 18.79 22.47 
46.82 48.47 9.85 45.1 44.78 51.26 56.14 1.41 66.22 43.74 20.4 56.04 72.17 5.0 49.03 70.35 70.88 29.21 69.0 25.81 60.93 24.08 18.03 50.6 43.38 54.01 65.49 55.32 53.08 7.62 62.63 55.33 68.62 35.85 63.2 31.76 0.0 19.85 59.23 55.44 11.05 9.06 63.06 23.32 27.59 5.1 15.0 43.0 50.54 47.1 
29.15 43.14 11.7 34.0 26.48 33.38 41.98 19.8 49.16 28.44 34.79 43.66 57.56 24.84 33.14 55.33 62.43 36.12 55.54 34.0 55.23 17.49 14.32 33.14 40.0 41.44 50.25 39.01 41.23 17.89 55.61 44.28 61.03 16.76 51.26 30.87 19.85 0.0 49.74 40.45 12.65 27.2 46.1 5.1 32.39 16.12 13.0 30.87 46.86 35.78 
31.3 14.32 57.94 15.81 34.48 31.62 16.12 58.05 29.61 25.0 54.59 10.2 22.02 62.65 24.17 22.47 12.81 41.48 16.28 43.93 12.17 35.44 41.48 29.73 20.25 11.7 21.19 24.33 10.3 51.79 9.06 6.71 12.21 40.36 8.6 30.15 59.23 49.74 0.0 19.24 48.76 59.08 28.16 44.94 38.64 59.48 44.64 19.21 17.03 14.21 
14.21 26.93 51.04 14.14 17.8 13.04 3.16 54.59 13.45 12.04 57.71 9.06 17.12 59.84 7.62 15.0 29.97 47.63 15.65 48.83 31.02 32.28 37.85 11.4 30.53 8.06 10.05 5.1 10.2 49.03 28.28 13.0 30.68 26.4 14.42 34.83 55.44 40.45 19.24 0.0 44.41 58.24 10.82 35.36 43.6 54.04 40.61 13.89 31.62 12.81 
36.25 38.95 10.63 34.23 34.48 40.72 45.1 10.2 55.36 32.76 22.14 45.1 61.13 15.52 38.08 59.3 60.75 25.0 58.01 22.36 51.48 13.34 7.28 39.92 34.41 43.05 54.45 44.38 42.19 5.66 52.8 44.55 58.69 26.25 52.35 23.35 11.05 12.65 48.76 44.41 0.0 15.62 52.2 14.21 21.93 10.77 4.12 32.02 41.62 36.22 
51.48 46.87 18.68 46.39 49.93 55.95 58.46 8.25 70.01 47.17 12.08 57.43 74.33 6.71 52.55 72.78 69.87 23.6 70.58 20.0 58.94 25.96 20.62 55.01 41.23 55.58 68.15 58.87 54.33 10.0 61.19 56.08 67.27 41.87 64.12 29.61 9.06 27.2 59.08 58.24 15.62 0.0 66.85 29.7 23.26 14.14 18.36 44.91 48.08 48.37 
17.0 37.58 57.43 24.84 20.1 13.15 13.0 62.36 3.16 19.7 67.42 18.68 15.56 67.72 14.32 12.73 36.67 58.05 17.89 59.03 40.31 41.15 46.24 13.0 41.34 18.38 8.94 8.06 20.62 57.25 37.05 22.8 38.21 30.07 21.1 45.28 63.06 46.1 28.16 10.82 52.2 66.85 0.0 41.19 53.91 61.0 48.7 24.08 42.15 23.6 
24.33 39.05 16.28 29.15 21.84 28.64 36.88 23.02 44.28 23.35 35.78 38.63 52.47 28.3 28.07 50.25 57.69 35.06 50.45 33.38 50.91 14.56 13.15 28.28 36.36 36.4 45.18 34.0 36.25 19.85 51.09 39.36 56.4 12.53 46.24 28.16 23.32 5.1 44.94 35.36 14.21 29.7 41.19 0.0 31.0 20.25 13.0 25.94 43.01 30.89 
42.44 25.02 32.25 29.68 42.54 46.4 42.72 26.17 56.85 35.47 16.03 39.81 57.27 28.84 40.31 56.36 48.01 4.47 52.55 5.39 36.35 17.46 18.11 44.82 19.0 38.47 52.48 46.01 36.67 20.62 39.05 37.34 45.1 38.6 45.22 8.94 27.59 32.39 38.64 43.6 21.93 23.26 53.91 31.0 0.0 30.61 19.65 29.83 25.32 31.38 
44.38 49.65 5.0 44.72 42.06 48.76 55.01 6.0 64.13 42.11 25.18 55.44 71.0 9.43 47.27 69.03 71.51 32.76 68.18 29.53 62.18 24.04 18.03 48.27 44.94 53.34 64.07 53.46 52.61 10.0 63.56 55.11 69.46 32.7 62.8 33.6 5.1 16.12 59.48 54.04 10.77 14.14 61.0 20.25 30.61 0.0 14.87 42.3 52.15 46.69 
33.12 34.99 14.21 30.15 31.62 37.59 41.19 14.04 51.87 29.12 22.83 41.05 57.22 19.24 34.48 55.44 56.65 23.19 54.0 21.0 47.51 9.22 3.16 36.67 30.61 39.01 50.64 40.8 38.12 8.54 48.75 40.45 54.63 24.08 48.26 19.85 15.0 13.0 44.64 40.61 4.12 18.36 48.7 13.0 19.65 14.87 0.0 28.0 37.8 32.14 
16.03 18.11 40.02 3.61 18.11 18.68 13.6 42.01 27.02 8.0 43.83 13.15 29.43 47.1 11.18 27.89 32.02 33.97 26.0 35.0 27.29 19.1 25.02 16.76 19.42 11.05 23.41 16.28 10.44 36.12 26.4 13.42 31.11 21.63 20.62 21.21 43.0 30.87 19.21 13.89 32.02 44.91 24.08 25.94 29.83 42.3 28.0 0.0 23.09 5.0 
39.01 5.0 52.01 20.0 41.19 41.11 29.15 49.19 44.28 31.06 41.11 23.71 38.9 52.92 33.14 39.05 23.19 27.0 33.24 30.07 11.05 29.7 34.83 39.12 7.21 23.77 36.89 36.14 21.54 42.94 14.14 19.72 20.02 43.32 25.46 18.79 50.54 46.86 17.03 31.62 41.62 48.08 42.15 43.01 25.32 52.15 37.8 23.09 0.0 20.1 
19.24 15.13 44.64 2.0 21.84 21.02 11.4 46.04 26.25 11.7 46.24 9.06 26.25 51.0 13.04 25.08 27.02 35.23 22.2 36.72 22.85 23.02 29.07 19.03 17.89 7.28 21.1 16.55 6.0 40.0 21.63 8.54 26.17 26.4 16.12 22.47 47.1 35.78 14.21 12.81 36.22 48.37 23.6 30.89 31.38 46.69 32.14 5.0 20.1 0.0 
