50
0.0 18.03 48.01 45.18 71.11 65.38 18.38 58.26 36.88 15.3 53.34 67.27 41.44 29.0 64.07 52.15 7.28 70.66 46.01 41.59 68.01 15.23 40.0 46.1 20.62 39.0 24.7 55.17 21.54 18.87 32.39 32.57 48.26 48.92 50.12 31.38 31.62 39.12 20.0 44.01 6.4 61.03 58.31 39.0 27.59 36.4 57.7 37.34 51.74 23.71 
18.03 0.0 34.79 27.46 59.67 59.84 1.0 43.83 21.1 3.61 41.23 60.13 23.41 28.6 61.35 50.57 15.03 58.94 30.23 23.85 54.13 3.0 23.43 36.06 15.81 37.12 6.71 39.96 3.61 12.21 15.03 25.96 31.14 32.8 38.64 23.54 13.6 21.93 6.08 26.0 12.17 58.19 45.88 22.8 13.34 29.83 46.69 29.27 37.12 16.16 
48.01 34.79 0.0 21.63 25.18 33.42 33.84 10.82 15.0 38.28 7.07 30.89 27.31 29.73 39.82 34.54 41.23 24.33 10.0 21.93 20.0 35.85 15.52 9.49 28.28 28.0 30.41 10.05 32.02 29.21 34.23 19.7 16.97 11.4 6.4 18.87 29.07 18.68 29.55 26.42 41.88 37.2 11.18 40.52 21.54 18.44 13.34 15.52 6.0 24.76 
45.18 27.46 21.63 0.0 43.93 55.0 26.93 24.19 12.37 30.81 28.18 52.48 7.07 40.79 60.81 53.82 40.5 42.76 11.66 3.61 34.0 30.02 8.54 29.7 32.06 43.86 20.81 19.1 23.85 30.41 17.89 31.62 6.0 11.4 28.02 29.12 14.87 7.0 25.63 5.1 38.91 58.0 30.68 21.02 20.1 33.11 34.44 30.41 18.97 29.0 
71.11 59.67 25.18 43.93 0.0 24.02 58.69 19.92 40.11 63.06 18.44 18.11 50.64 46.75 34.0 37.0 63.95 1.41 33.14 45.4 12.73 60.44 40.01 25.06 50.54 39.82 55.58 25.0 57.07 52.39 59.01 39.12 38.08 32.56 21.19 39.82 54.01 43.05 54.12 49.03 65.39 33.14 14.04 64.5 46.32 35.81 13.42 34.13 25.18 47.42 
65.38 59.84 33.42 55.0 24.02 0.0 58.86 36.06 46.07 62.51 27.59 6.08 60.21 36.67 10.05 17.03 58.22 25.08 43.42 54.92 34.48 59.41 48.02 25.94 46.01 26.93 58.24 39.82 58.46 49.09 65.0 34.13 50.33 44.6 27.02 36.35 59.62 51.11 53.76 59.64 61.03 9.85 27.46 72.45 47.8 30.15 22.2 30.59 37.48 44.18 
18.38 1.0 33.84 26.93 58.69 58.86 0.0 42.94 20.25 4.47 40.26 59.14 23.09 27.8 60.41 49.66 15.0 57.97 29.41 23.32 53.23 3.16 22.67 35.06 15.0 36.24 6.32 39.12 3.16 11.4 15.13 25.0 30.48 32.02 37.66 22.56 13.34 21.26 5.1 25.63 12.37 57.25 44.92 23.09 12.37 28.86 45.71 28.28 36.24 15.23 
58.26 43.83 10.82 24.19 19.92 36.06 42.94 0.0 22.85 47.41 10.05 31.89 31.06 40.31 44.28 41.59 51.66 18.68 14.32 26.0 10.44 45.28 21.59 18.25 38.95 37.48 38.63 5.1 40.72 39.62 40.31 30.41 18.25 13.0 13.04 29.68 35.69 24.33 39.12 29.27 52.01 42.15 8.6 45.04 31.06 28.79 13.89 26.0 6.71 35.38 
36.88 21.1 15.0 12.37 40.11 46.07 20.25 22.85 0.0 24.7 22.02 44.6 14.87 28.44 50.61 42.52 31.06 39.2 9.22 10.3 33.24 22.8 4.0 20.12 20.62 31.76 15.81 18.87 17.89 19.7 19.42 19.31 12.37 12.04 20.4 16.76 14.14 5.83 16.97 15.26 30.48 47.63 26.08 26.4 9.43 21.1 28.16 18.6 16.16 17.26 
15.3 3.61 38.28 30.81 63.06 62.51 4.47 47.41 24.7 0.0 44.64 63.03 26.4 30.02 63.6 52.55 13.6 62.36 33.84 27.2 57.7 3.16 27.02 39.2 17.46 39.0 10.0 43.57 7.07 13.93 17.12 28.44 34.66 36.4 41.98 26.17 16.55 25.46 9.06 29.07 10.05 60.44 49.34 24.19 16.76 32.39 50.01 32.06 40.71 18.44 
53.34 41.23 7.07 28.18 18.44 27.59 40.26 10.05 22.02 44.64 0.0 24.41 34.18 31.91 34.99 31.58 46.32 17.72 16.55 28.79 15.81 42.06 22.56 8.94 33.02 27.89 37.22 12.53 38.64 34.48 41.3 22.67 23.02 17.2 3.61 22.67 36.12 25.71 35.74 33.11 47.41 32.65 5.0 47.54 27.89 20.25 6.32 17.8 9.9 29.68 
67.27 60.13 30.89 52.48 18.11 6.08 59.14 31.89 44.6 63.03 24.41 0.0 58.14 39.22 16.12 22.02 60.02 19.24 40.82 52.77 29.15 60.01 46.1 24.74 47.27 29.97 57.87 36.07 58.42 50.09 63.89 35.13 47.43 41.62 24.6 37.01 58.52 49.24 54.08 57.31 62.51 15.81 23.35 70.94 47.52 31.14 18.44 31.0 34.21 45.04 
41.44 23.41 27.31 7.07 50.64 60.21 23.09 31.06 14.87 26.4 34.18 58.14 0.0 41.79 65.3 57.38 37.66 49.5 17.72 5.39 41.01 26.25 12.21 34.41 31.4 46.32 16.76 26.02 19.92 29.07 11.4 33.62 13.04 18.11 33.54 30.89 9.85 9.22 23.09 2.83 35.44 62.37 37.11 14.0 19.65 35.81 40.5 33.42 25.5 28.86 
29.0 28.6 29.73 40.79 46.75 36.67 27.8 40.31 28.44 30.02 31.91 39.22 41.79 0.0 35.13 23.35 22.09 46.69 34.06 38.33 47.71 26.93 32.39 23.02 12.81 10.0 30.48 39.56 29.0 16.4 40.0 10.2 40.05 37.12 28.3 12.0 35.51 33.96 23.35 43.01 25.5 32.06 36.62 48.6 22.36 11.66 33.97 14.32 35.44 13.6 
64.07 61.35 39.82 60.81 34.0 10.05 60.41 44.28 50.61 63.6 34.99 16.12 65.3 35.13 0.0 12.04 57.22 35.01 49.58 60.21 43.93 60.44 53.15 31.11 46.32 25.18 60.84 47.51 60.54 49.73 68.6 35.47 56.73 51.22 33.6 38.08 63.29 56.08 55.36 65.12 60.53 3.16 35.85 76.55 50.54 31.78 30.46 33.12 44.65 45.22 
52.15 50.57 34.54 53.82 37.0 17.03 49.66 41.59 42.52 52.55 31.58 22.02 57.38 23.35 12.04 0.0 45.4 37.64 43.42 52.63 44.1 49.4 45.61 25.08 35.11 13.6 50.77 43.68 50.12 38.63 59.2 25.24 50.61 45.62 29.12 28.02 54.04 48.27 44.72 57.63 48.84 9.22 34.06 67.48 40.8 22.02 29.0 24.04 40.16 34.44 
7.28 15.03 41.23 40.5 63.95 58.22 15.0 51.66 31.06 13.6 46.32 60.02 37.66 22.09 57.22 45.4 0.0 63.53 40.0 37.0 61.22 12.04 34.48 38.91 13.42 32.06 21.1 48.84 18.03 12.04 30.07 25.3 42.94 43.01 43.05 24.17 28.16 34.01 14.87 40.02 4.24 54.15 51.31 37.66 21.63 29.12 50.54 30.08 45.25 16.64 
70.66 58.94 24.33 42.76 1.41 25.08 57.97 18.68 39.2 62.36 17.72 19.24 49.5 46.69 35.01 37.64 63.53 0.0 32.06 44.28 11.31 59.77 39.0 24.7 50.12 40.0 54.74 23.77 56.29 51.89 58.0 38.83 36.88 31.4 20.62 39.45 53.04 42.01 53.45 47.85 64.88 34.06 13.15 63.39 45.61 35.61 13.04 33.84 24.08 46.96 
46.01 30.23 10.0 11.66 33.14 43.42 29.41 14.32 9.22 33.84 16.55 40.82 17.72 34.06 49.58 43.42 40.0 32.06 0.0 12.37 24.74 32.02 7.28 18.6 28.64 34.93 24.6 9.85 26.93 28.3 26.08 24.0 7.21 3.16 16.4 22.09 21.38 10.05 26.17 16.55 39.62 46.86 19.42 31.4 18.44 24.33 22.85 21.38 8.0 25.08 
41.59 23.85 21.93 3.61 45.4 54.92 23.32 26.0 10.3 27.2 28.79 52.77 5.39 38.33 60.21 52.63 37.0 44.28 12.37 0.0 36.12 26.42 7.07 29.21 29.0 42.06 17.2 21.02 20.25 27.17 14.87 29.55 8.54 13.0 28.18 26.93 11.4 4.47 22.14 5.0 35.34 57.31 31.78 19.1 17.0 31.38 35.11 28.84 20.22 26.08 
68.01 54.13 20.0 34.0 12.73 34.48 53.23 10.44 33.24 57.7 15.81 29.15 41.01 47.71 43.93 44.1 61.22 11.31 24.74 36.12 0.0 55.47 32.02 24.7 48.17 43.08 49.04 15.13 51.08 49.2 50.64 38.42 28.0 23.19 19.42 38.21 46.1 34.71 49.24 39.01 61.85 42.43 11.18 55.01 41.18 36.06 15.3 33.6 17.09 44.69 
15.23 3.0 35.85 30.02 60.44 59.41 3.16 45.28 22.8 3.16 42.06 60.01 26.25 26.93 60.44 49.4 12.04 59.77 32.02 26.42 55.47 0.0 25.46 36.35 14.32 35.85 9.49 41.62 6.32 10.77 18.03 25.32 33.42 34.71 39.29 23.09 16.49 24.21 6.32 28.79 9.22 57.28 46.82 25.71 14.32 29.27 47.3 29.02 38.59 15.3 
40.0 23.43 15.52 8.54 40.01 48.02 22.67 21.59 4.0 27.02 22.56 46.1 12.21 32.39 53.15 45.61 34.48 39.0 7.28 7.07 32.02 25.46 0.0 22.2 24.52 35.34 17.49 17.09 20.0 23.41 19.0 23.09 8.54 9.43 21.54 20.62 14.14 3.16 20.0 12.04 33.6 50.25 26.08 25.0 13.0 24.6 28.86 21.95 15.13 21.21 
46.1 36.06 9.49 29.7 25.06 25.94 35.06 18.25 20.12 39.2 8.94 24.74 34.41 23.02 31.11 25.08 38.91 24.7 18.6 29.21 24.7 36.35 22.2 0.0 25.5 19.24 33.24 19.1 34.01 27.51 39.22 14.21 25.81 20.59 5.39 14.76 33.84 25.24 30.15 34.06 40.5 28.32 13.6 46.52 23.02 11.4 11.66 9.22 15.3 22.47 
20.62 15.81 28.28 32.06 50.54 46.01 15.0 38.95 20.62 17.46 33.02 47.27 31.4 12.81 46.32 35.11 13.42 50.12 28.64 29.0 48.17 14.32 24.52 25.5 0.0 21.54 18.03 36.62 16.28 3.61 27.78 12.17 32.98 31.78 29.68 10.77 23.77 25.08 10.63 33.14 15.3 43.17 38.01 36.36 12.0 16.12 37.12 16.76 32.8 3.61 
39.0 37.12 28.0 43.86 39.82 26.93 36.24 37.48 31.76 39.0 27.89 29.97 46.32 10.0 25.18 13.6 32.06 40.0 34.93 42.06 43.08 35.85 35.34 19.24 21.54 0.0 37.8 38.01 36.89 25.08 46.69 12.81 41.76 37.66 24.52 15.62 41.73 37.59 31.38 47.01 35.36 22.09 31.95 55.15 28.28 10.77 28.18 13.6 34.0 21.1 
24.7 6.71 30.41 20.81 55.58 58.24 6.32 38.63 15.81 10.0 37.22 57.87 16.76 30.48 60.84 50.77 21.1 54.74 24.6 17.2 49.04 9.49 17.49 33.24 18.03 37.8 0.0 34.44 3.16 14.76 9.85 25.55 24.76 26.93 35.01 22.83 7.07 15.62 7.62 19.31 18.68 57.7 41.59 18.36 10.44 29.07 43.05 27.86 31.95 16.97 
55.17 39.96 10.05 19.1 25.0 39.82 39.12 5.1 18.87 43.57 12.53 36.07 26.02 39.56 47.51 43.68 48.84 23.77 9.85 21.02 15.13 41.62 17.09 19.1 36.62 38.01 34.44 0.0 36.72 36.88 35.51 29.41 13.15 8.06 14.56 28.23 31.05 19.65 35.61 24.19 48.84 45.18 12.81 40.01 27.66 28.44 17.69 25.5 4.12 33.02 
21.54 3.61 32.02 23.85 57.07 58.46 3.16 40.72 17.89 7.07 38.64 58.42 19.92 29.0 60.54 50.12 18.03 56.29 26.93 20.25 51.08 6.32 20.0 34.01 16.28 36.89 3.16 36.72 0.0 12.81 12.37 25.08 27.59 29.41 36.22 22.47 10.2 18.38 5.66 22.47 15.52 57.38 43.17 20.62 11.0 28.79 44.28 27.89 34.01 15.81 
18.87 12.21 29.21 30.41 52.39 49.09 11.4 39.62 19.7 13.93 34.48 50.09 29.07 16.4 49.73 38.63 12.04 51.89 28.3 27.17 49.2 10.77 23.41 27.51 3.61 25.08 14.76 36.88 12.81 0.0 24.6 15.0 31.95 31.38 31.3 13.15 20.88 23.54 7.21 31.0 13.0 46.57 39.45 33.12 10.44 19.0 39.0 19.24 33.24 5.1 
32.39 15.03 34.23 17.89 59.01 65.0 15.13 40.31 19.42 17.12 41.3 63.89 11.4 40.0 68.6 59.2 30.07 58.0 26.08 14.87 50.64 18.03 19.0 39.22 27.78 46.69 9.85 35.51 12.37 24.6 0.0 34.06 23.41 27.46 39.81 31.24 5.39 16.03 17.46 14.21 27.02 65.51 45.04 8.6 18.44 37.2 47.52 35.51 34.06 26.4 
32.57 25.96 19.7 31.62 39.12 34.13 25.0 30.41 19.31 28.44 22.67 35.13 33.62 10.2 35.47 25.24 25.3 38.83 24.0 29.55 38.42 25.32 23.09 14.21 12.17 12.81 25.55 29.41 25.08 15.0 34.06 0.0 30.27 27.02 19.1 2.83 29.0 25.08 19.92 34.44 27.46 32.31 27.59 42.45 15.62 4.0 25.81 5.0 25.3 10.05 
48.26 31.14 16.97 6.0 38.08 50.33 30.48 18.25 12.37 34.66 23.02 47.43 13.04 40.05 56.73 50.61 42.94 36.88 7.21 8.54 28.0 33.42 8.54 25.81 32.98 41.76 24.76 13.15 27.59 31.95 23.41 30.27 0.0 5.83 23.35 28.07 19.72 9.22 28.3 11.05 41.88 54.04 25.08 27.02 21.54 31.05 29.15 28.16 13.42 29.61 
48.92 32.8 11.4 11.4 32.56 44.6 32.02 13.0 12.04 36.4 17.2 41.62 18.11 37.12 51.22 45.62 43.01 31.4 3.16 13.0 23.19 34.71 9.43 20.59 31.78 37.66 26.93 8.06 29.41 31.38 27.46 27.02 5.83 0.0 17.69 25.18 23.09 11.7 29.0 16.49 42.52 48.6 19.31 32.06 21.4 27.17 23.32 24.19 7.62 28.23 
50.12 38.64 6.4 28.02 21.19 27.02 37.66 13.04 20.4 41.98 3.61 24.6 33.54 28.3 33.6 29.12 43.05 20.62 16.4 28.18 19.42 39.29 21.54 5.39 29.68 24.52 35.01 14.56 36.22 31.3 39.81 19.1 23.35 17.69 0.0 19.21 34.53 24.7 32.98 32.76 44.28 31.06 8.49 46.49 25.32 16.64 8.06 14.21 11.18 26.42 
31.38 23.54 18.87 29.12 39.82 36.35 22.56 29.68 16.76 26.17 22.67 37.01 30.89 12.0 38.08 28.02 24.17 39.45 22.09 26.93 38.21 23.09 20.62 14.76 10.77 15.62 22.83 28.23 22.47 13.15 31.24 2.83 28.07 25.18 19.21 0.0 26.17 22.47 17.46 31.78 25.96 34.93 27.66 39.62 12.81 6.32 26.42 6.08 24.17 8.06 
31.62 13.6 29.07 14.87 54.01 59.62 13.34 35.69 14.14 16.55 36.12 58.52 9.85 35.51 63.29 54.04 28.16 53.04 21.38 11.4 46.1 16.49 14.14 33.84 23.77 41.73 7.07 31.05 10.2 20.88 5.39 29.0 19.72 23.09 34.53 26.17 0.0 11.4 14.14 12.53 25.71 60.21 40.0 13.45 13.45 32.02 42.3 30.23 29.27 21.95 
39.12 21.93 18.68 7.0 43.05 51.11 21.26 24.33 5.83 25.46 25.71 49.24 9.22 33.96 56.08 48.27 34.01 42.01 10.05 4.47 34.71 24.21 3.16 25.24 25.08 37.59 15.62 19.65 18.38 23.54 16.03 25.08 9.22 11.7 24.7 22.47 11.4 0.0 19.24 9.43 32.76 53.15 29.15 21.84 13.15 26.93 32.02 24.41 18.03 22.0 
20.0 6.08 29.55 25.63 54.12 53.76 5.1 39.12 16.97 9.06 35.74 54.08 23.09 23.35 55.36 44.72 14.87 53.45 26.17 22.14 49.24 6.32 20.0 30.15 10.63 31.38 7.62 35.61 5.66 7.21 17.46 19.92 28.3 29.0 32.98 17.46 14.14 19.24 0.0 25.32 13.6 52.2 40.5 25.94 8.06 23.77 41.0 23.19 32.45 10.3 
44.01 26.0 26.42 5.1 49.03 59.64 25.63 29.27 15.26 29.07 33.11 57.31 2.83 43.01 65.12 57.63 40.02 47.85 16.55 5.0 39.01 28.79 12.04 34.06 33.14 47.01 19.31 24.19 22.47 31.0 14.21 34.44 11.05 16.49 32.76 31.78 12.53 9.43 25.32 0.0 37.95 62.24 35.74 16.12 21.21 36.36 39.4 33.84 24.04 30.41 
6.4 12.17 41.88 38.91 65.39 61.03 12.37 52.01 30.48 10.05 47.41 62.51 35.44 25.5 60.53 48.84 4.24 64.88 39.62 35.34 61.85 9.22 33.6 40.5 15.3 35.36 18.68 48.84 15.52 13.0 27.02 27.46 41.88 42.52 44.28 25.96 25.71 32.76 13.6 37.95 0.0 57.43 52.35 34.23 21.21 31.4 52.0 32.02 45.45 18.03 
61.03 58.19 37.2 58.0 33.14 9.85 57.25 42.15 47.63 60.44 32.65 15.81 62.37 32.06 3.16 9.22 54.15 34.06 46.86 57.31 42.43 57.28 50.25 28.32 43.17 22.09 57.7 45.18 57.38 46.57 65.51 32.31 54.04 48.6 31.06 34.93 60.21 53.15 52.2 62.24 57.43 0.0 33.84 73.5 47.41 28.64 28.46 30.02 42.19 42.06 
58.31 45.88 11.18 30.68 14.04 27.46 44.92 8.6 26.08 49.34 5.0 23.35 37.11 36.62 35.85 34.06 51.31 13.15 19.42 31.78 11.18 46.82 26.08 13.6 38.01 31.95 41.59 12.81 43.17 39.45 45.04 27.59 25.08 19.31 8.49 27.66 40.0 29.15 40.5 35.74 52.35 33.84 0.0 50.8 32.57 25.0 5.39 22.67 11.7 34.67 
39.0 22.8 40.52 21.02 64.5 72.45 23.09 45.04 26.4 24.19 47.54 70.94 14.0 48.6 76.55 67.48 37.66 63.39 31.4 19.1 55.01 25.71 25.0 46.52 36.36 55.15 18.36 40.01 20.62 33.12 8.6 42.45 27.02 32.06 46.49 39.62 13.45 21.84 25.94 16.12 34.23 73.5 50.8 0.0 26.87 45.45 53.85 43.6 39.32 35.0 
27.59 13.34 21.54 20.1 46.32 47.8 12.37 31.06 9.43 16.76 27.89 47.52 19.65 22.36 50.54 40.8 21.63 45.61 18.44 17.0 41.18 14.32 13.0 23.02 12.0 28.28 10.44 27.66 11.0 10.44 18.44 15.62 21.54 21.4 25.32 12.81 13.45 13.15 8.06 21.21 21.21 47.41 32.57 26.87 0.0 18.87 33.38 17.46 24.41 9.22 
36.4 29.83 18.44 33.11 35.81 30.15 28.86 28.79 21.1 32.39 20.25 31.14 35.81 11.66 31.78 22.02 29.12 35.61 24.33 31.38 36.06 29.27 24.6 11.4 16.12 10.77 29.07 28.44 28.79 19.0 37.2 4.0 31.05 27.17 16.64 6.32 32.02 26.93 23.77 36.36 31.4 28.64 25.0 45.45 18.87 0.0 22.67 3.0 24.33 14.04 
57.7 46.69 13.34 34.44 13.42 22.2 45.71 13.89 28.16 50.01 6.32 18.44 40.5 33.97 30.46 29.0 50.54 13.04 22.85 35.11 15.3 47.3 28.86 11.66 37.12 28.18 43.05 17.69 44.28 39.0 47.52 25.81 29.15 23.32 8.06 26.42 42.3 32.02 41.0 39.4 52.0 28.46 5.39 53.85 33.38 22.67 0.0 20.81 15.81 34.01 
37.34 29.27 15.52 30.41 34.13 30.59 28.28 26.0 18.6 32.06 17.8 31.0 33.42 14.32 33.12 24.04 30.08 33.84 21.38 28.84 33.6 29.02 21.95 9.22 16.76 13.6 27.86 25.5 27.89 19.24 35.51 5.0 28.16 24.19 14.21 6.08 30.23 24.41 23.19 33.84 32.02 30.02 22.67 43.6 17.46 3.0 20.81 0.0 21.38 14.14 
51.74 37.12 6.0 18.97 25.18 37.48 36.24 6.71 16.16 40.71 9.9 34.21 25.5 35.44 44.65 40.16 45.25 24.08 8.0 20.22 17.09 38.59 15.13 15.3 32.8 34.0 31.95 4.12 34.01 33.24 34.06 25.3 13.42 7.62 11.18 24.17 29.27 18.03 32.45 24.04 45.45 42.19 11.7 39.32 24.41 24.33 15.81 21.38 0.0 29.21 
23.71 16.16 24.76 29.0 47.42 44.18 15.23 35.38 17.26 18.44 29.68 45.04 28.86 13.6 45.22 34.44 16.64 46.96 25.08 26.08 44.69 15.3 21.21 22.47 3.61 21.1 16.97 33.02 15.81 5.1 26.4 10.05 29.61 28.23 26.42 8.06 21.95 22.0 10.3 30.41 18.03 42.06 34.67 35.0 9.22 14.04 34.01 14.14 29.21 0.0 
