91
267
46 215
47 234
35 104
1 153
55 183
49 64
50 237
32 230
66 186
39 152
40 81
3 194
47 138
65 236
81 7
52 226
89 143
18 150
54 67
5 256
23 118
24 222
1 249
91 71
84 20
54 168
15 164
79 209
65 107
38 202
86 197
78 265
62 243
85 126
6 238
41 112
3 176
36 164
55 208
41 238
58 177
30 202
16 45
13 48
10 233
89 232
49 265
59 120
91 24
25 66
76 65
8 22
24 56
3 266
19 2
20 168
60 123
90 154
19 3
58 63
47 61
25 203
43 251
89 183
34 251
36 14
91 68
1 97
75 50
18 51
8 194
18 88
64 41
60 198
58 54
86 96
60 108
32 233
28 196
15 201
8 183
32 91
30 169
80 171
18 95
1 39
82 155
7 172
28 243
38 191
70 153
81 126
29 236
24 109
18 220
53 92
91 87
75 205
52 237
68 201
4 0
17 40
35 4
56 115
30 224
73 39
64 204
54 87
27 151
25 74
68 170
33 264
39 121
56 161
76 94
55 18
5 115
81 267
29 21
3 60
74 54
86 137
73 244
61 69
52 60
36 175
33 227
69 194
54 175
1 156
6 245
37 47
88 78
46 93
45 82
62 3
52 39
59 163
68 1
31 241
69 205
73 183
3 205
71 162
86 74
66 143
1 175
50 250
7 233
17 84
