101
110
34 19
61 57
71 89
39 51
25 86
28 39
83 5
15 100
97 68
8 76
15 7
47 64
0 107
82 49
51 42
28 66
34 3
27 99
94 9
46 24
17 65
20 93
82 81
24 105
51 47
42 85
53 5
100 22
17 55
42 20
64 57
30 30
10 39
46 101
13 60
94 26
94 91
76 50
82 52
85 45
88 11
26 25
3 53
77 85
82 38
40 24
68 42
76 46
81 104
98 2
94 33
47 36
7 104
1 70
67 61
57 35
0 12
31 22
42 48
38 10
50 42
101 50
98 85
14 60
32 67
98 9
84 76
69 86
73 31
89 55
48 103
42 76
11 91
4 37
15 82
25 97
57 89
88 106
21 79
41 34
63 35
27 9
30 32
31 1
101 18
64 8
15 51
18 58
89 19
73 73
61 50
54 60
39 59
79 105
34 52
86 49
31 102
16 20
43 91
70 72
