99
86
77 58
86 67
70 55
27 25
67 25
65 59
52 63
6 36
19 63
61 64
41 49
57 63
67 43
25 69
95 79
72 9
51 69
11 55
32 52
94 12
93 75
6 67
77 66
15 9
49 51
33 54
27 28
61 18
46 25
81 1
52 0
4 85
36 36
47 32
51 35
56 36
90 86
2 30
79 14
92 11
36 54
87 7
97 84
94 59
85 66
54 57
14 55
31 64
46 53
47 4
93 11
61 68
53 21
2 53
6 43
53 75
13 53
34 3
33 58
76 66
7 74
55 39
99 18
67 49
43 13
84 74
79 49
18 42
59 72
25 77
28 39
52 9
63 75
20 11
97 63
2 33
63 76
48 8
45 72
23 26
72 32
73 71
16 61
31 73
71 68
49 30
7 53
50 56
18 15
26 5
36 31
74 42
71 9
19 84
88 43
26 73
71 56
47 76
76 46
64 63
